0, 0.8049510453688615, 2.31952283024357e-15, 0.7605599193272974, 0.04439112604156179
0.005005005005005005, 1.557789016802632, 2.948218020374285e-15, 0.7673488725092119, 0.7904401442934171
0.01001001001001001, 2.645163332931182, 3.74431527665693e-15, 0.7741811869528665, 1.870982145978312
0.01501501501501501, 2.590863861246925, 4.751569563142984e-15, 0.7810569431200902, 1.80980691812683
0.02002002002002002, 1.072097080290301, 6.024952705522263e-15, 0.7879762192734566, 0.2841208610168388
0.02502502502502502, 1.150464511225718, 7.633471018335017e-15, 0.7949390914497528, 0.3555254197759575
0.03003003003003003, 1.397336356882415, 9.663675728915876e-15, 0.8019456334334585, 0.5953907234489472
0.03503503503503504, 2.346712451492436, 1.222403273938438e-14, 0.8089959167302415, 1.537716534762182
0.04004004004004004, 1.605022722165119, 1.545035735614943e-14, 0.816090010540479, 0.7889327116246246
0.04504504504504504, 1.699721589551272, 1.951256764791731e-14, 0.8232279817327984, 0.8764936078184536
0.05005005005005005, 1.637955994649581, 2.462306905927145e-14, 0.8304098948176486, 0.8075460998319081
0.05505505505505506, 1.52866328232484, 3.104715522915952e-14, 0.8376358119209041, 0.6910274704039044
0.06006006006006006, 0.978395922864103, 3.911589858434799e-14, 0.8449057927575044, 0.1334901301065595
0.06506506506506507, 2.643962012124535, 4.924211276832178e-14, 0.8522198946051331, 1.791742117519353
0.07007007007007007, 1.807174893561952, 6.194010165657142e-14, 0.8595781722779418, 0.9475967212839486
0.07507507507507508, 1.147451457423363, 7.785007184529739e-14, 0.8669806781003206, 0.2804707793229649
0.08008008008008008, 1.84292739362514, 9.776828343011308e-14, 0.8744274618807202, 0.9684999317443218
0.08508508508508508, 2.398525595536196, 1.226842552884579e-13, 0.8819185708855308, 1.516607024650543
0.09009009009009009, 2.819534249315754, 1.53826635212043e-13, 0.8894540498130207, 1.930080199502579
0.09509509509509509, 1.168730383101843, 1.927197032855014e-13, 0.8970339407673338, 0.2716964423343168
0.1001001001001001, 1.974198959858506, 2.412529123513035e-13, 0.9046582832325634, 1.069540676625701
0.1051051051051051, 2.632076567118005, 3.017663984656277e-13, 0.9123271140468907, 1.719749453070812
0.1101101101101101, 1.956795147422164, 3.771560364528616e-13, 0.9200404673767982, 1.036754680044989
0.1151151151151151, 2.633038054344293, 4.710023944600494e-13, 0.9277983746913714, 1.705239679652451
0.1201201201201201, 2.771093380380679, 5.87728884947766e-13, 0.9356008647366749, 1.835492515643417
0.1251251251251251, 2.690961513156299, 7.327955515874218e-13, 0.9434479635102212, 1.747513549645345
0.1301301301301301, 1.212204210005862, 9.129363125037024e-13, 0.9513396942355323, 0.2608645157694168
0.1351351351351351, 2.720161453066979, 1.136449148593784e-12, 0.9592760773367971, 1.760885375729045
0.1401401401401401, 2.505349567170109, 1.413550739117687e-12, 0.9672571304136259, 1.538092436755069
0.1451451451451451, 2.427786189679646, 1.756809474464109e-12, 0.9752828682159174, 1.452503321461972
0.1501501501501502, 2.298463895455963, 2.181673700358777e-12, 0.9833533026188279, 1.315110592834953
0.1551551551551552, 2.01174037139001, 2.707115566999352e-12, 0.991468442597856, 1.020271928789447
0.1601601601601602, 2.873876348125147, 3.356415087575683e-12, 0.9996282942040468, 1.874248053917743
0.1651651651651652, 2.875326494128921, 4.15811409238723e-12, 1.007832860539318, 1.867493633585446
0.1701701701701702, 2.981741402262295, 5.14717586244862e-12, 1.016082141731906, 1.965659260525241
0.1751751751751752, 2.504527350324068, 6.366393536057424e-12, 1.024376134911956, 1.480151215405746
0.1801801801801802, 1.896720244228338, 7.868099135601e-12, 1.032714834187231, 0.8640054100332394
0.1851851851851852, 1.851045890698148, 9.71623553500232e-12, 1.041098230618971, 0.809947660069461
0.1901901901901902, 2.309215496662846, 1.198886620605917e-11, 1.049526312197896, 1.25968918445296
0.1951951951951952, 1.661366893796092, 1.478121252903343e-11, 1.057999063820352, 0.6033678299609596
0.2002002002002002, 2.803996524033634, 1.820932628306195e-11, 1.066516467264606, 1.737480056750818
0.2052052052052052, 1.981524906761194, 2.241452618042148e-11, 1.075078501167315, 0.9064464055714637
0.2102102102102102, 1.40702266373148, 2.756875260567803e-11, 1.083685141000137, 0.3233375227037746
0.2152152152152152, 2.460494959078945, 3.3881024807811e-11, 1.092336359046516, 1.368158599998548
0.2202202202202202, 2.277636263776031, 4.160522054200329e-11, 1.101032124378642, 1.176604139355784
0.2252252252252252, 1.789747925717262, 5.104944059097127e-11, 1.109772402834576, 0.6799755228316365
0.2302302302302302, 2.759332477945816, 6.258727091312928e-11, 1.11855715699556, 1.640775320887668
0.2352352352352352, 2.573753164414714, 7.667131477176029e-11, 1.127386346163514, 1.446366818174529
0.2402402402402402, 2.622782060532344, 9.38494377398202e-11, 1.136259926338709, 1.486522134099785
0.2452452452452452, 1.638896177092524, 1.147842518705875e-10, 1.145177850197648, 0.4937183267800916
0.2502502502502503, 2.323539710248453, 1.402764638183017e-10, 1.154140067071132, 1.169399643037045
0.2552552552552553, 1.325115129286171, 1.71292827901022e-10, 1.163146522922532, 0.1619686061923458
0.2602602602602603, 1.795151487429853, 2.089995820669751e-10, 1.172197160326271, 0.6229543268945829
0.2652652652652653, 1.543700406410418, 2.548024060004368e-10, 1.181291918446506, 0.3624084877091093
0.2702702702702703, 2.085292792280814, 3.103941303030539e-10, 1.190430733016041, 0.8948620589543786
0.2752752752752753, 1.575308961853468, 3.778116485931735e-10, 1.199613536315441, 0.375695425160215
0.2802802802802803, 2.900547659355169, 4.595037460230456e-10, 1.208840257152386, 1.69170740174328
0.2852852852852853, 3.155946886869906, 5.584118645419819e-10, 1.218110820841244, 1.93783606547025
0.2902902902902903, 2.791802338002787, 6.780661846590809e-10, 1.22742514918288, 1.564377188141841
0.2952952952952953, 1.740579066241492, 8.226998240617637e-10, 1.236783160444707, 0.5037959049740851
0.3003003003003003, 2.933312955130764, 9.97384445127478e-10, 1.246184769340968, 1.687128184792411
0.3053053053053053, 1.884231380716805, 1.208191137537003e-09, 1.255629887013277, 0.628601492495337
0.3103103103103103, 2.228313572981877, 1.462381111996832e-09, 1.265118421011403, 0.9631951505080939
0.3153153153153153, 1.36501330596787, 1.768631521610241e-09, 1.274650275274312, 0.09036302892492651
0.3203203203203203, 2.471678889233744, 2.137302636049985e-09, 1.284225350111471, 1.187453536984971
0.3253253253253253, 2.19273908353956, 2.580753650277441e-09, 1.293843542184412, 0.8988955387743943
0.3303303303303303, 1.515186219134642, 3.113715636918517e-09, 1.303504744488571, 0.2116814715323548
0.3353353353353353, 2.594054872768779, 3.753731575625795e-09, 1.313208846335393, 1.280846022679654
0.3403403403403403, 1.451286912196779, 4.52167504363322e-09, 1.322955733334723, 0.1283311743403817
0.3453453453453453, 1.960257158370266, 5.442361063256842e-09, 1.332745287377471, 0.6275118655504336
0.3503503503503503, 2.46652094246517, 6.545264813082981e-09, 1.342577386618571, 1.123943549301334
0.3553553553553553, 1.408698289950057, 7.865366464146333e-09, 1.352451905460229, 0.05624637662446128
0.3603603603603603, 2.276856881499045, 9.444143350711192e-09, 1.362368714535464, 0.914488157519438
0.3653653653653653, 2.815439941083451, 1.133073408429443e-08, 1.372327680691948, 1.443112249060769
0.3703703703703703, 2.190969313344366, 1.358330313390733e-08, 1.382328666976157, 0.8086406327849051
0.3753753753753754, 1.42861011137578, 1.627063889828754e-08, 1.392371532617829, 0.03623856248731214
0.3803803803803804, 1.773239270055793, 1.947402346986434e-08, 1.402456133014725, 0.370783117567045
0.3853853853853854, 2.367196094453098, 2.328941822875898e-08, 1.41258231971772, 0.9546137514459597
0.3903903903903904, 3.380499526629124, 2.783001621361826e-08, 1.422749940416212, 1.957749558382896
0.3953953953953954, 2.925883738175854, 3.322922001315522e-08, 1.43295883892385, 1.492924866022784
0.4004004004004004, 2.475294987559435, 3.964411284135127e-08, 1.443208855164605, 1.032086092750717
0.4054054054054054, 3.185505259948702, 4.725950065018973e-08, 1.453499825159162, 1.732005387530039
0.4104104104104104, 2.264232996284317, 5.629261476457214e-08, 1.463831581011661, 0.8004013589800413
0.4154154154154154, 1.729000694460672, 6.699857778286195e-08, 1.474203950896774, 0.2547966765653208
0.4204204204204204, 3.228736080358868, 7.967675058363511e-08, 1.484616759047134, 1.744119241634984
0.4254254254254254, 3.413438488388543, 9.467809544959058e-08, 1.495069825741111, 1.918368567969336
0.4304304304304304, 2.186115039747514, 1.124137098249164e-07, 1.505562967290949, 0.6805519600428557
0.4354354354354354, 2.6927858556275, 1.333647073541129e-07, 1.516095996031252, 1.176689726231541
0.4404404404404405, 2.748316991519303, 1.580936479320969e-07, 1.52666872030785, 1.221648113117806
0.4454454454454455, 3.153862957093718, 1.872577468865606e-07, 1.537280944467011, 1.61658182536896
0.4504504504504505, 1.716378090042157, 2.216241255119144e-07, 1.547932468845048, 0.1684453995729834
0.4554554554554555, 3.378746629853691, 2.620874014196793e-07, 1.558623089758284, 1.820123278008005
0.4604604604604605, 2.185494137688249, 3.096899580486535e-07, 1.569352599493398, 0.6161412285048923
0.4654654654654655, 2.697138883174826, 3.656452787248163e-07, 1.580120786298171, 1.117017731231376
0.4704704704704705, 3.328345351436504, 4.313647824647333e-07, 1.590927434372596, 1.737417485699125
0.4754754754754755, 2.719262966931364, 5.084886569237559e-07, 1.601772323860393, 1.117490134582314
0.4804804804804805, 2.174983981462047, 5.98921249210641e-07, 1.612655230840922, 0.5623281516998758
0.4854854854854855, 1.938425379744284, 7.048716484987499e-07, 1.623575927321484, 0.3148487475511513
0.4904904904904905, 1.999953644841316, 8.289001763077879e-07, 1.634534181230026, 0.3654186347111134
0.4954954954954955, 2.672384593665518, 9.739715919320777e-07, 1.645529756408266, 1.026853863285661
0.5005005005005005, 3.327707477983255, 1.143515922755592e-06, 1.656562412605209, 1.671143921862123
0.5055055055055055, 2.617082667469564, 1.341497943209776e-06, 1.667631905471088, 0.9494494205005327
0.5105105105105106, 3.379075472646266, 1.572496453077929e-06, 1.678737986551724, 1.700335913598089
0.5155155155155156, 1.888266170834519, 1.841794647004482e-06, 1.689880403283293, 0.198383925756579
0.5205205205205206, 2.674822353004173, 2.155483023803652e-06, 1.701058898987535, 0.9737612985336143
0.5255255255255256, 1.719613648128427, 2.520576457958544e-06, 1.712273212867378, 0.007337914684590973
0.5305305305305306, 3.502433346737105, 2.94514724814484e-06, 1.723523080002995, 1.778907321586861
0.5355355355355356, 2.696490111468046, 3.438476170400571e-06, 1.734808231348306, 0.961678441643569
0.5405405405405406, 1.894751576216462, 4.011223798506635e-06, 1.746128393727899, 0.1486191712647643
0.5455455455455456, 2.961738188148799, 4.675624613169584e-06, 1.757483289834409, 1.204250222689776
0.5505505505505506, 3.380704391345379, 5.445706706754693e-06, 1.768872638226334, 1.611826307412338
0.5555555555555556, 3.697797397416757, 6.337540203766182e-06, 1.780296153326299, 1.917494906550255
0.5605605605605606, 1.878525161554776, 7.369517861294802e-06, 1.791753545419768, 0.08676424661714618
0.5655655655655656, 2.028746763819684, 8.562671690644938e-06, 1.803244520654221, 0.2254936804937722
0.5705705705705706, 2.008016025007409, 9.941029853822919e-06, 1.81476878103877, 0.1932373029387849
0.5755755755755756, 3.582346509260777, 1.153201853912691e-05, 1.826326024444252, 1.756008952797986
0.5805805805805806, 3.391596936960704, 1.336691401143906e-05, 1.837915944603772, 1.55366762544292
0.5855855855855856, 2.98421186541457, 1.548135056778196e-05, 1.849538231113721, 1.134658152950281
0.5905905905905906, 1.996593670261349, 1.791589071014149e-05, 1.861192569435256, 0.1353831849353827
0.5955955955955956, 3.337466676799828, 2.071666447841379e-05, 1.872878640896255, 1.464567319239094
0.6006006006006006, 2.16468089116703, 2.393608556958762e-05, 1.884596122693742, 0.2800608323877182
0.6056056056056056, 3.410156852174155, 2.763365260792931e-05, 1.896344687896793, 1.513784530624754
0.6106106106106106, 3.462407983334061, 3.187684472799529e-05, 1.90812400544992, 1.554252101039413
0.6156156156156156, 2.663502610981459, 3.674212149072597e-05, 1.919933740176936, 0.7435321286830322
0.6206206206206206, 3.207261063215907, 4.231603807558123e-05, 1.9317735527853, 1.275445194392531
0.6256256256256256, 3.616867277582477, 4.869648768145983e-05, 1.943643099870962, 1.673175481223834
0.6306306306306306, 3.080778941048523, 5.599408412866277e-05, 1.955542033923676, 1.125180913040718
0.6356356356356356, 3.424313800716552, 6.433369878587733e-05, 1.967470003332829, 1.456779463684938
0.6406406406406406, 3.518137656264082, 7.385616715229104e-05, 1.97942665239374, 1.538637147703189
0.6456456456456456, 2.084694651747509, 8.472018170741684e-05, 1.991411621314474, 0.09319831025132683
0.6506506506506506, 3.62244863454299, 9.710438900155991e-05, 2.003424546223139, 1.618926983930849
0.6556556556556556, 3.362806015828697, 0.0001112097103992031, 2.015465059175696, 1.347229746942602
0.6606606606606606, 2.166833355841093, 0.0001272619074065298, 2.027532788164256, 0.1391733057694307
0.6656656656656657, 3.208021899364469, 0.000145514414112839, 2.039627357125898, 1.168249027824457
0.6706706706706707, 4.02636941191129, 0.0001662514609530642, 2.051748385951979, 1.974454774498358
0.6756756756756757, 3.470283443654567, 0.0001897915157535309, 2.063895490497954, 1.406198161640859
0.6806806806806807, 3.149650630091823, 0.0002164910698531454, 2.076068282593714, 1.073365856428256
0.6856856856856857, 3.680957847982942, 0.000246748798994096, 2.088266370054421, 1.592444729129527
0.6906906906906907, 2.151421398535413, 0.0002810101306454542, 2.100489356691868, 0.05065103171289951
0.6956956956956957, 3.849512794220995, 0.0003197722514542213, 2.112736842326344, 1.736456179643196
0.7007007007007007, 3.802831219762679, 0.0003635895906043859, 2.12500842279902, 1.677459207373055
0.7057057057057057, 2.578471351160804, 0.0004130798169971655, 2.137303689984846, 0.440754581358961
0.7107107107107107, 2.907119650819154, 0.0004689303903347593, 2.149622231805972, 0.7570284886228477
0.7157157157157157, 3.781509532863033, 0.0005319057083841196, 2.161963632245686, 1.619013994908963
0.7207207207207207, 2.309769816276592, 0.0006028548949029316, 2.174327471362867, 0.134839490018822
0.7257257257257257, 2.371561149394649, 0.0006827202749118481, 2.186713325306968, 0.1841651038127686
0.7307307307307307, 3.887079020352572, 0.0007725465861776052, 2.199120766333519, 1.687185707432876
0.7357357357357357, 3.948574212978206, 0.0008734909779112914, 2.211549362820143, 1.736151359180152
0.7407407407407407, 3.953448449314835, 0.000986833849762983, 2.223998679283115, 1.728462936181957
0.7457457457457457, 3.502059582925058, 0.0011139905861837, 2.236468276394427, 1.264477315944448
0.7507507507507507, 3.78768634933426, 0.001256524243101716, 2.248957710999392, 1.537472114091766
0.7557557557557557, 3.217094824425295, 0.001416159245593035, 2.261466536134766, 0.954212129044936
0.7607607607607607, 2.90173384447936, 0.001594796156783779, 2.273994301047402, 0.6261447472751737
0.7657657657657657, 4.164206390979786, 0.00179452757957044, 2.286540551213426, 1.875871312186789
0.7707707707707707, 3.635340323608694, 0.002017655253845427, 2.299104828357942, 1.334217839996906
0.7757757757757757, 3.958771864005541, 0.00226670841273017, 2.311686670475273, 1.644818485117538
0.7807807807807807, 3.931610801417661, 0.002544463461803603, 2.324285611849713, 1.604780726106145
0.7857857857857857, 2.356871305090904, 0.002853965045425229, 2.336901183076823, 0.01711615696865652
0.7907907907907907, 3.105495656102701, 0.003198548563941653, 2.349532911085246, 0.752764196453514
0.7957957957957957, 4.040942738542844, 0.003581864204783344, 2.362180319159053, 1.675180555179007
0.8008008008008007, 3.562439937920823, 0.004007902549152877, 2.374842926960619, 1.183589108411051
0.8058058058058059, 3.045159855693338, 0.0044810218141228, 2.387520250554021, 0.6531585833251939
0.8108108108108109, 3.318343209962627, 0.005005976787444921, 2.400211802428967, 0.9131254307462154
0.8158158158158159, 2.994883124066809, 0.005587949509166926, 2.412917091525255, 0.5763780830323876
0.8208208208208209, 4.412363417230176, 0.006232581750197818, 2.425635623257749, 1.980495212222228
0.8258258258258259, 4.191109641832539, 0.006946009333203561, 2.438366899541896, 1.745796732957439
0.8308308308308309, 2.670129818855734, 0.007734898335589307, 2.45111041881975, 0.2112845017003947
0.8358358358358359, 2.665712026490346, 0.008606483207776417, 2.463865676086538, 0.1932398671960326
0.8408408408408409, 2.831391361555835, 0.009568606832455348, 2.476632162917737, 0.3451905918056432
0.8458458458458459, 2.77090020840316, 0.01062976254193256, 2.489409367496681, 0.2708610783645459
0.8508508508508509, 2.72369726268357, 0.01179913810103999, 2.502196774642689, 0.2097013499398418
0.8558558558558559, 3.236570601209399, 0.0130866616522876, 2.51499386583971, 0.7084900737174015
0.8608608608608609, 2.613541915490223, 0.01450304960796983, 2.527800119265492, 0.07123874661676174
0.8658658658658659, 4.389853210033493, 0.01605985646074262, 2.540615009821271, 1.83317834375148
0.8708708708708709, 4.303452595114655, 0.01776952646973586, 2.553438009161968, 1.732245059482951
0.8758758758758759, 2.972642380804204, 0.01964544716352771, 2.566268585726916, 0.3867283479137601
0.8808808808808809, 4.451646190453789, 0.02170200458426202, 2.579106204771087, 1.85083798109844
0.8858858858858859, 3.346020668057331, 0.02395464017882724, 2.591950328396839, 0.7301156994816641
0.8908908908908909, 3.548194375856159, 0.02641990922333245, 2.604800415586179, 0.9169740510466474
0.8958958958958959, 3.691374054238898, 0.02911554064612307, 2.617655922233521, 1.044602591359254
0.9009009009009009, 3.710841742489665, 0.03206049809229773, 2.630516301178965, 1.048264943218402
0.9059059059059059, 2.823695174995385, 0.03527504204915097, 2.643381002242078, 0.1450391307041566
0.9109109109109109, 3.581128270439969, 0.03878079282722598, 2.65624947225617, 0.8860980053565729
0.9159159159159159, 4.260766470900129, 0.04260079416577697, 2.669121155103084, 1.549044521631268
0.9209209209209209, 4.224080638507797, 0.04675957720449696, 2.681995491748478, 1.495325569554822
0.9259259259259259, 2.940126726123602, 0.0512832245354547, 2.694871920277602, 0.1939715813105455
0.9309309309309309, 4.707792533361559, 0.05619943402042507, 2.707749875931577, 1.943843223409556
0.9359359359359359, 3.443091135876246, 0.0615375820293186, 2.720628791144158, 0.6609247627027691
0.9409409409409409, 3.456815685303322, 0.06732878572537346, 2.73350809557899, 0.6559788039989581
0.9459459459459459, 4.060213878913906, 0.0736059639923375, 2.746387216167354, 1.240220698754215
0.9509509509509509, 4.483023612237197, 0.08040389656823163, 2.759265577146388, 1.643354138522577
0.9559559559559559, 4.399827066962205, 0.08775928091966051, 2.7721426000978, 1.539925185944745
0.960960960960961, 3.746819220860579, 0.09571078636025389, 2.785017703987049, 0.8660907305132756
0.965965965965966, 3.70147554189143, 0.1042991048869346, 2.797890305203014, 0.7992861318014813
0.970970970970971, 4.784178278043511, 0.1135669981785868, 2.810759817598118, 1.859851462266806
0.975975975975976, 4.860132338268757, 0.1235593401736318, 2.823625652528935, 1.91294734556619
0.980980980980981, 4.740656877547316, 0.1343231546163159, 2.836487218897262, 1.769846504033738
0.985985985985986, 3.941426382202381, 0.1459076469364972, 2.84934392319164, 0.9461748120742438
0.990990990990991, 3.85758160537372, 0.1583642298047256, 2.862195169529354, 0.8370222060396401
0.995995995995996, 4.658141760399295, 0.1717465416837972, 2.875040359698871, 1.611354859016627
1.001001001001001, 3.126295269422606, 0.1861104576800905, 2.887878893202737, 0.05230591853977904
1.006006006006006, 4.104856120875338, 0.2015140919832212, 2.900710167300925, 1.002631861591192
1.011011011011011, 4.933863355415677, 0.2180177911712959, 2.91353357705462, 1.802311987189761
1.016016016016016, 3.986898447052987, 0.2356841176516186, 2.926348515370453, 0.8248658140309156
1.021021021021021, 5.060067676431851, 0.2545778225035723, 2.939154373045162, 1.866335480883117
1.026026026026026, 4.586644500606262, 0.2747658069918608, 2.951950538810692, 1.359928154803709
1.031031031031031, 4.054063097065287, 0.2963170720247744, 2.964736399379721, 0.7930096256607918
1.036036036036036, 5.009934887272024, 0.3193026548439707, 2.977511339491612, 1.713120892936441
1.041041041041041, 3.964271836912769, 0.3437955522497931, 2.990274741958782, 0.6302015427041937
1.046046046046046, 4.401948453124156, 0.3698706296896959, 3.003025987713486, 1.029051835720975
1.051051051051051, 4.376933252951949, 0.3976045155672151, 3.015764455855014, 0.9635642815297206
1.056056056056056, 4.305197862511795, 0.4270754801653921, 3.028489523697294, 0.8496328586491085
1.061061061061061, 3.972501319666635, 0.4583632986218266, 3.041200566816896, 0.4729374542279122
1.066066066066066, 3.689928821040454, 0.4915490974428566, 3.053896959101435, 0.1444827644961627
1.071071071071071, 4.842602982429382, 0.5267151841018296, 3.066578072798358, 1.249309725529194
1.076076076076076, 5.472022458725124, 0.563944859331198, 3.079243278564132, 1.828834320829795
1.081081081081081, 3.827172595024309, 0.603322211790257, 3.091891945513801, 0.1319584377202513
1.086086086086086, 4.036015537556859, 0.6449318948697658, 3.104523441270929, 0.2865602014161649
1.091091091091091, 5.760621742818797, 0.6888588854813694, 3.11713713201791, 1.954625725319518
1.096096096096096, 4.835217278580101, 0.7351882247735576, 3.129732382546651, 0.9702966712598932
1.101101101101101, 4.421029849639135, 0.784004740816636, 3.142308556309604, 0.4947165525128944
1.106106106106106, 5.454808109655398, 0.8353927534065951, 3.154865015471172, 1.46455034077763
1.111111111111111, 5.43156794458511, 0.8894357612514948, 3.16740112095945, 1.374731062374166
1.116116116116116, 5.789096810128994, 0.9462161119236011, 3.179916232518321, 1.662964465687072
1.121121121121121, 5.686111714581776, 1.005814655085552, 3.192409708759888, 1.487887350736337
1.126126126126126, 5.317823221026349, 1.068310379628679, 3.204880907217238, 1.044631934180432
1.131131131131131, 4.847452318547947, 1.13378003549566, 3.217329184397539, 0.4963430986547474
1.136136136136136, 5.244179083474426, 1.202297741097164, 3.229753895835458, 0.8121274465418046
1.141141141141141, 5.814030213002244, 1.273934577372268, 3.242154396146892, 1.297941239483084
1.146146146146146, 5.100903343076731, 1.348758169684364, 3.254530039083014, 0.4976151343093534
1.151151151151151, 6.496933528308121, 1.426832258886975, 3.266880177584618, 1.803221091836529
1.156156156156156, 6.136017522933247, 1.508216263036458, 3.279204163836777, 1.348597096060012
1.161161161161161, 6.82852732387955, 1.592964831369893, 3.291501349323767, 1.94406114318589
1.166166166166166, 5.482041966213233, 1.681127392305346, 3.303771084884306, 0.4971434890235803
1.171171171171171, 6.727098767771483, 1.772747697357108, 3.316012720767052, 1.638338349647323
1.176176176176176, 5.280855480781999, 1.867863362989146, 3.328225606686383, 0.08476651110646979
1.181181181181181, 5.399691752017945, 1.966505412554636, 3.340409091878445, 0.09277724758486325
1.186186186186186, 6.600272345603921, 2.068697820586896, 3.352562525157456, 1.179011999859569
1.191191191191191, 6.55477752830841, 2.174457061815912, 3.364685254972263, 1.015635211520235
1.196196196196196, 6.059923707231646, 2.283791667383797, 3.376776629463154, 0.3993554103846942
1.201201201201201, 7.1203504798317, 2.396701790820652, 3.388835996518904, 1.334812692492144
1.206206206206206, 7.880468131449389, 2.513178786418111, 3.400862703834053, 1.966426641197224
1.211211211211211, 8.040204818062184, 2.63320480270031, 3.412856098966417, 1.994143916395456
1.216216216216216, 7.344207111053997, 2.75675239373981, 3.424815529394815, 1.162639187919372
1.221221221221221, 6.819255067633814, 2.883784151098171, 3.436740342577008, 0.4987305739586357
1.226226226226226, 7.332210268467665, 3.014252359186358, 3.448629886007851, 0.8693280232734563
1.231231231231231, 8.479501705856803, 3.148098676838055, 3.460483507277632, 1.870919521741115
1.236236236236236, 8.177306805224823, 3.285253847868432, 3.472300554130617, 1.419752403225774
1.241241241241241, 7.384715870418419, 3.425637443351319, 3.484080374523766, 0.4749980525433347
1.246246246246246, 9.022853049021693, 3.569157638288387, 3.495822316685637, 1.95787309404767
1.251251251251251, 7.78311957504448, 3.715711025264525, 3.507525729175456, 0.5598828206044993
1.256256256256256, 8.432275653400403, 3.86518246758369, 3.519189960942347, 1.047903224874366
1.261261261261261, 7.929312968677438, 4.017444994259042, 3.530814361384723, 0.3810536130336734
1.266266266266266, 8.22225769287059, 4.172359739090157, 3.542398280409823, 0.5074996733706095
1.271271271271271, 9.850996216368909, 4.329775925898695, 3.553941068493387, 1.967279221976827
1.276276276276276, 9.056992442802905, 4.489530901812418, 3.565442076739466, 1.00201946425102
1.281281281281281, 9.353049738248696, 4.651450220286613, 3.576900656940362, 1.124698861021722
1.286286286286286, 8.972135900904215, 4.81534777533219, 3.588316161636675, 0.5684719639353503
1.291291291291291, 8.915837869923399, 4.981025988182227, 3.59968794417747, 0.3351239375637008
1.296296296296296, 10.60388746040093, 5.148276047374331, 3.611015358780548, 1.844596054246048
1.301301301301301, 9.909198315084632, 5.316878202956295, 3.622297760592795, 0.9700223515355418
1.306306306306306, 9.530723859000798, 5.486602115238526, 3.633534505750644, 0.4105872380116277
1.311311311311311, 10.37293362218112, 5.657207258220134, 3.644724951440591, 1.071001412520399
1.316316316316316, 11.28836050821924, 5.828443377508302, 3.655868455959802, 1.804048674751138
1.321321321321321, 10.02107231140927, 6.000051002234295, 3.666964378776769, 0.3540569303982065
1.326326326326326, 10.99821188769206, 6.171762010146433, 3.67801208059203, 1.148437796953597
1.331331331331331, 11.83029057000691, 6.343300244732587, 3.689010923398935, 1.797979401875388
1.336336336336336, 10.61803056970754, 6.514382182894485, 3.699960270544449, 0.4036881162686036
1.341341341341341, 12.20431127470674, 6.684717651365821, 3.710859486789992, 1.808734136550923
1.346346346346346, 12.39411523459617, 6.854010589738092, 3.721707938372295, 1.818396706485788
1.351351351351351, 10.86260518796697, 7.021959857634791, 3.732504993064274, 0.1081403372679087
1.356356356356356, 11.96291798052103, 7.188260083258571, 3.743250020235919, 1.031407877026538
1.361361361361361, 12.51038591316596, 7.352602550229705, 3.753942390915171, 1.403840972021082
1.366366366366366, 11.99280072301833, 7.514676119340095, 3.764581477848798, 0.7135431258294381
1.371371371371371, 12.24633878924396, 7.674168181567756, 3.775166655563248, 0.7970039521129512
1.376376376376376, 11.66163181890858, 7.830765638434381, 3.785697300425482, 0.04516888004871653
1.381381381381381, 12.05475988509642, 7.984155905545702, 3.796172790703771, 0.2744311888469467
1.386386386386386, 13.40286984561736, 8.134027934933064, 3.806592506628451, 1.462249404055844
1.391391391391391, 12.5403503513444, 8.280073251616965, 3.816955830452628, 0.44332126927481
1.396396396396396, 13.33450336819895, 8.421986999641277, 3.827262146512828, 1.085254222044843
1.401401401401401, 14.11727676118577, 8.559468992682186, 3.837510841289577, 1.720296927214005
1.406406406406406, 13.08013374363037, 8.692224764220143, 3.847701303467902, 0.5402076759423228
1.411411411411411, 13.27459791932055, 8.819966612177701, 3.857832923997764, 0.596798383145081
1.416416416416416, 14.59852321624205, 8.942414632872142, 3.867905096154381, 1.788203487215526
1.421421421421421, 14.63184922157218, 9.05929773911021, 3.877917215598465, 1.694634266863506
1.426426426426426, 14.34569590778273, 9.170354657263767, 3.887868680436343, 1.287472570082616
1.431431431431431, 13.35831010464234, 9.27533489821011, 3.897758891279968, 0.1852163151522615
1.436436436436436, 13.44356185269965, 9.373999697099295, 3.907587251306798, 0.1619749042935571
1.441441441441441, 15.29696309890083, 9.466122917022833, 3.91735316631955, 1.913487015558441
1.446446446446446, 13.95681392484026, 9.551491911803376, 3.927056044805808, 0.4782659682310756
1.451451451451451, 13.70048471900934, 9.629908343302626, 3.93669529799748, 0.1338810777092324
1.456456456456456, 15.23511060909259, 9.701188948853886, 3.9462703399301, 1.587651320308607
1.461461461461461, 13.76709099651777, 9.76516625466521, 3.955780587501964, 0.04614415435059769
1.466466466466466, 14.82368463575167, 9.821689231307463, 3.965225460533091, 1.036769943911117
1.471471471471471, 14.48984716004411, 9.870623887697242, 3.974604381823996, 0.6446188905228704
1.476476476476476, 15.60045394355602, 9.911853800305481, 3.983916777214282, 1.704683366036257
1.481481481481481, 15.90089095195084, 9.945280574666489, 3.993162075641022, 1.962448301643323
1.486486486486486, 15.61394579543733, 9.970824236627017, 4.002339709196939, 1.64078184961338
1.491491491491491, 14.76512026594434, 9.988423551157947, 4.011449113188371, 0.7652476015980213
1.496496496496496, 15.74087040274429, 9.99803626694977, 4.020489726193007, 1.722344409601516
1.501501501501501, 14.39046738155426, 9.999639285424465, 4.029460990117391, 0.3613671060124001
1.506506506506506, 15.26784421355216, 9.993228753217469, 4.038362350254191, 1.236253110080503
1.511511511511511, 15.08672245717878, 9.978820077611543, 4.047193255339216, 1.060709124228024
1.516516516516516, 15.39689388472759, 9.956447864835967, 4.055953157608167, 1.384492862283453
1.521521521521521, 15.22276916499042, 9.926165781576936, 4.064641512853139, 1.231961870560347
1.526526526526526, 14.19486423496067, 9.888046340474814, 4.073257780478839, 0.2335601140070206
1.531531531531531, 15.44562388777646, 9.842180610808263, 4.08180142355852, 1.521641853409678
1.536536536536536, 14.47311069366521, 9.788677855980847, 4.090271908889637, 0.5941609287947239
1.541541541541541, 14.88607312162056, 9.727665099829776, 4.098668707049192, 1.059739314741595
1.546546546546546, 14.6862962188504, 9.659286624166119, 4.106991292448781, 0.9200183022354992
1.551551551551551, 14.96288269405989, 9.583703400328059, 4.115239143389329, 1.263940150342506
1.556556556556556, 13.81340941256954, 9.501092457881505, 4.123411742115496, 0.1889052125725349
1.561561561561561, 14.69274932217881, 9.411646193932675, 4.13150857486976, 1.149594553376373
1.566566566566566, 14.49056731027834, 9.315571626823202, 4.139529131946158, 1.035466551508986
1.571571571571571, 13.40233390985749, 9.213089598257898, 4.147472907743682, 0.04177140385590548
1.576576576576576, 13.43374631811102, 9.104433928166468, 4.155339400819329, 0.1739729891252212
1.581581581581581, 14.33372200101035, 8.989850526821991, 4.163128113940778, 1.18074336024758
1.586586586586586, 13.09875323689331, 8.869596468929373, 4.170838554138708, 0.05831821382522726
1.591591591591591, 14.21086431844109, 8.74393903455524, 4.178470232758733, 1.288455051127118
1.596596596596596, 14.17141066625527, 8.613154721896111, 4.186022665512962, 1.372233278846195
1.601601601601601, 13.48696249695146, 8.477528236973713, 4.193495372531155, 0.8159388874465879
1.606606606606607, 13.56466140191538, 8.337351465404685, 4.200887878411489, 1.026422058099206
1.611611611611612, 13.55537277916738, 8.192922431416775, 4.208199712270916, 1.154250635479687
1.616616616616617, 13.0635851610109, 8.044544249275109, 4.2154304077951, 0.8036105039406939
1.621621621621622, 13.55641466581391, 7.892524072241182, 4.222579503287944, 1.441311090284779
1.626626626626627, 12.10084976825448, 7.737172044114083, 4.229646541720679, 0.1340311824197143
1.631631631631632, 13.30711373898288, 7.578800258299804, 4.236631070780515, 1.49168240990256
1.636636636636637, 12.61575355800324, 7.417721729221133, 4.243532642918861, 0.9544991858632422
1.641641641641642, 13.03747535221139, 7.254249380719409, 4.250350815399083, 1.532875156092902
1.646646646646647, 12.62683801403105, 7.088695055911687, 4.257085150343802, 1.281057807775556
1.651651651651652, 11.61055619665106, 6.921368552754891, 4.26373521478174, 0.4254524291144263
1.656656656656657, 11.0729493517611, 6.752576689333899, 4.270300580694085, 0.0500720817331136
1.661661661661662, 12.70615272066447, 6.58262240263578, 4.276780825060375, 1.846749492968313
1.666666666666667, 12.56923338586285, 6.411803884299543, 4.283175529903902, 1.874253971659401
1.671671671671672, 11.51248378446235, 6.240413756542308, 4.289484282336623, 0.9825857455834225
1.676676676676677, 10.92158076251749, 6.068738291161115, 4.295706674603569, 0.5571357967528084
1.681681681681682, 11.67132379143522, 5.897056674197168, 4.30184230412675, 1.472424813111302
1.686686686686687, 10.07702681720601, 5.72564031852858, 4.307890773548543, 0.0434957251288902
1.691691691691692, 11.52575952104282, 5.554752226331324, 4.313851690774568, 1.657155603936932
1.696696696696697, 10.08941781453005, 5.384646403018283, 4.319724669016035, 0.3850467424957359
1.701701701701702, 9.716049203937988, 5.215567323935825, 4.325509326831557, 0.1749725531706058
1.706706706706707, 9.755481656949621, 5.047749454768217, 4.331205288168426, 0.3765269140129784
1.711711711711712, 10.50411397909928, 4.881416826275058, 4.336812182403345, 1.285884970420878
1.716716716716717, 9.55469881676605, 4.716782663667607, 4.342329644382612, 0.4955865087158305
1.721721721721722, 9.675242598558469, 4.554049070618912, 4.347757314461743, 0.7734362134778158
1.726726726726727, 10.07696824556804, 4.393406767601401, 4.353094838544525, 1.330466639422115
1.731731731731732, 8.698929728936697, 4.235034883956534, 4.358341868121524, 0.1055529768586395
1.736736736736737, 8.570997971631494, 4.079100802825243, 4.36349806030799, 0.1283991084982611
1.741741741741742, 9.50582519615482, 3.925760057807247, 4.368563077881198, 1.211502060466374
1.746746746746747, 9.461436911297044, 3.775156279972862, 4.373536589317203, 1.312744042006979
1.751751751751752, 8.07497124024149, 3.627421193623958, 4.378418268826992, 0.06913177779053967
1.756756756756757, 8.551777452591345, 3.482674658992218, 4.383207796392052, 0.6858949972070761
1.761761761761762, 8.736980442953248, 3.341024759873514, 4.38790485779933, 1.008050825280404
1.766766766766767, 8.512476225348127, 3.202567934027769, 4.392509144675579, 0.9173991466447796
1.771771771771772, 9.070725211409435, 3.067389144024411, 4.397020354521098, 1.606315712863926
1.776776776776777, 7.914950121870016, 2.935562086084893, 4.401438190742856, 0.5779498450422683
1.781781781781782, 8.201893805920491, 2.807149434365543, 4.405762362686982, 0.9889820088679661
1.786786786786787, 7.367451149853701, 2.682203118036525, 4.409992585670635, 0.2752554461465405
1.791791791791792, 6.994760834821041, 2.560764628445255, 4.41412858101324, 0.01986762536254658
1.796796796796797, 7.88970282960504, 2.442865353605278, 4.41817007606708, 1.028667399932682
1.801801801801802, 8.651973440422056, 2.32852693722347, 4.42211680424725, 1.901329698951336
1.806806806806807, 8.085613787136635, 2.217761659469062, 4.425968505060965, 1.441883622606609
1.811811811811812, 7.866982506523291, 2.110572836696563, 4.42972492413621, 1.326684745690517
1.816816816816817, 7.647484674559946, 2.006955237360227, 4.433385813249737, 1.207143623949982
1.821821821821822, 6.770474427948237, 1.906895511399403, 4.436950930354406, 0.4266279861944283
1.826826826826827, 7.024586685429536, 1.810372630430823, 4.440420039605848, 0.7737940153928643
1.831831831831832, 6.246834467064624, 1.717358336154506, 4.443792911388473, 0.08568321952164601
1.836836836836837, 7.187953980725137, 1.627817594463264, 4.447069322340798, 1.113067063921076
1.841841841841842, 7.598848657499492, 1.541709052840761, 4.450249055380094, 1.606890549278637
1.846846846846847, 7.016123476702248, 1.458985498738117, 4.453331899726367, 1.103806078237765
1.851851851851852, 7.090477438525102, 1.379594316733305, 4.456317650925631, 1.254565470866167
1.856856856856857, 6.516263299832909, 1.303477942399442, 4.45920611087252, 0.7535792465609469
1.861861861861862, 6.505442745242759, 1.230574310936489, 4.461997087832186, 0.8128713464740841
1.866866866866867, 6.604630121120922, 1.160817298754514, 4.464690396461512, 0.9791224259048966
1.871871871871872, 6.422882931228687, 1.094137156334309, 4.467285857829626, 0.8614599170647529
1.876876876876877, 7.023522220895805, 1.030460930831654, 4.469783299437714, 1.523277990626436
1.881881881881882, 6.758635997773007, 0.9697128770336866, 4.472182555238128, 1.316740565501192
1.886886886886887, 5.98372366247491, 0.9118148554186469, 4.474483465652782, 0.597425341403481
1.891891891891892, 5.929802198166926, 0.8566867162125804, 4.476685877590842, 0.596429604363503
1.896896896896897, 6.476048910951488, 0.8042466684775753, 4.478789644465709, 1.193012598008203
1.901901901901902, 6.813547378888803, 0.7544116334047306, 4.480794626211268, 1.578341119272805
1.906906906906907, 6.13418085017801, 0.707097581120571, 4.48270068929744, 0.9443825797599991
1.911911911911912, 6.9331153515882, 0.6622198504472376, 4.484507706745, 1.786387794395963
1.916916916916917, 5.687286041162825, 0.6196934511838178, 4.486215558139675, 0.5813770318393324
1.921921921921922, 5.195069217950206, 0.5794333485980317, 4.487824129645514, 0.1278117397066599
1.926926926926927, 5.304695355562928, 0.541354729933637, 4.489333314017543, 0.2740073116117484
1.931931931931932, 6.20782259959164, 0.5053732528488866, 4.490743010613675, 1.211706336129079
1.936936936936937, 5.24915349868892, 0.4714052758048349, 4.492053125405894, 0.2856950974781912
1.941941941941942, 6.688958746347954, 0.4393680705188875, 4.493263570990715, 1.756327104838351
1.946946946946947, 5.888861090676797, 0.4091800166885501, 4.494374266598895, 0.9853068073893515
1.951951951951952, 6.169493485512136, 0.380760779272669, 4.495385138104422, 1.293347568135046
1.956956956956957, 5.687182443332178, 0.3540314686924728, 4.496296118032753, 0.836854856606953
1.961961961961962, 5.063642226458867, 0.3289147843824248, 4.497107145568327, 0.2376202965081152
1.966966966966967, 5.429522384074189, 0.3053351421812672, 4.497818166561326, 0.6263690753315957
1.971971971971972, 6.124298497584116, 0.2832187861068067, 4.498429133533706, 1.342650577943604
1.976976976976977, 6.584100563283274, 0.2624938851040548, 4.498940005684476, 1.822666672494742
1.981981981981982, 5.530870277773938, 0.2430906153955033, 4.499350748894243, 0.7884289134841916
1.986986986986987, 4.815542005689488, 0.2249412290947922, 4.499661335729007, 0.09093944086568881
1.991991991991992, 5.648472734171809, 0.2079801097710668, 4.499871745443214, 0.9406208789575273
1.996996996996997, 6.633807330743114, 0.1921438156712242, 4.499981963982072, 1.941681551089817
2.002002002002002, 4.747179184757415, 0.1773711113213175, 4.499991983983108, 0.0698160894529892
2.007007007007007, 5.981458132213937, 0.1636029882369605, 4.49990180477699, 1.317953339199986
2.012012012012012, 5.114082430173108, 0.1507826754759992, 4.499711432387605, 0.4635883223095033
2.017017017017017, 5.718292086153197, 0.1388556407653861, 4.499420879531384, 1.080015565856427
2.022022022022022, 5.400494166467972, 0.1277695829284268, 4.499030165615889, 0.7736944179236559
2.027027027027027, 6.457645056806935, 0.1174744163288101, 4.49853931673765, 1.841631323740474
2.032032032032032, 6.067780469916975, 0.1079222480344131, 4.497948365679264, 1.461909856203298
2.037037037037037, 6.257765884657323, 0.09906734838720119, 4.497257351905739, 1.661441184364383
2.042042042042042, 5.136111933331195, 0.09086611564597821, 4.496466321560109, 0.5487794961251079
2.047047047047047, 5.727140303562516, 0.08327703534666048, 4.495575327458296, 1.148287940757559
2.052052052052052, 5.386741189148363, 0.07626063500049632, 4.494584429083229, 0.815896125064638
2.057057057057057, 5.199654517619627, 0.06977943472458883, 4.493493692578231, 0.6363813903168064
2.062062062062062, 5.68281258334811, 0.06379789437151616, 4.492303190739658, 1.126711498236935
2.067067067067067, 5.904361463773419, 0.05828235769611113, 4.4910130030088, 1.355066103068509
2.072072072072072, 5.451561021240417, 0.05320099406784501, 4.489623215463049, 0.908736811709523
2.077077077077077, 5.710914953297943, 0.04852373820704653, 4.488133920806326, 1.174257294284569
2.082082082082082, 5.619189448825962, 0.04422222839262777, 4.486545218358775, 1.088422002074559
2.087087087087087, 4.62787255829238, 0.04026974355833161, 4.484857214045727, 0.1027456006883219
2.092092092092092, 6.271725301946048, 0.03664113966397515, 4.48307002038592, 1.752014141896153
2.097097097097097, 6.281596052150219, 0.03331278569794078, 4.481183756479012, 1.767099509973265
2.102102102102102, 6.190166701851931, 0.03026249963744558, 4.479198547992342, 1.680705654222143
2.107107107107107, 5.796435759892058, 0.02746948466405267, 4.477114527146982, 1.291851748081023
2.112112112112112, 6.26371840944562, 0.02491426590362455, 4.474931832703058, 1.763872310838937
2.117117117117117, 6.287302257696265, 0.02257862793257381, 4.472650609944353, 1.792073019819338
2.122122122122122, 5.489760852167575, 0.02044555326594777, 4.470271010662186, 0.999044288239442
2.127127127127127, 5.833446253919887, 0.01849916201767723, 4.467793193138585, 1.347153898763625
2.132132132132132, 5.807724607276928, 0.01672465289929463, 4.465217322128738, 1.325782632248895
2.137137137137137, 5.942583222359371, 0.01510824570063798, 4.46254356884273, 1.464931407816003
2.142142142142142, 6.03845727068096, 0.01363712537454636, 4.459772110926584, 1.565048034379829
2.147147147147147, 5.461129093810296, 0.01229938782734346, 4.456903132442586, 0.9919265735403663
2.152152152152152, 6.347634606039569, 0.01108398749801439, 4.453936823848912, 1.882613794692642
2.157157157157157, 5.758605531458313, 0.00998068679140999, 4.450873381978558, 1.297751462688345
2.162162162162162, 5.929505894089996, 0.008980007414553421, 4.447713010017567, 1.472812876657875
2.167167167167167, 5.097263232140303, 0.008073183650160201, 4.444455917482578, 0.6447341310075655
2.172172172172172, 6.44128997789163, 0.007252117587789904, 4.441102320197663, 1.992935540106177
2.177177177177177, 6.215469866110226, 0.006509336320592267, 4.437652440270508, 1.771308089519126
2.182182182182182, 5.704370795285987, 0.005837951104355409, 4.434106506067886, 1.264426338113746
2.187187187187187, 5.790043902714697, 0.00523161846546445, 4.430464752190468, 1.354347532058764
2.192192192192192, 6.161108851477174, 0.004684503235387352, 4.426727419446952, 1.729696928794833
2.197197197197197, 5.734610297904414, 0.004191243481370037, 4.422894754827532, 1.307524299595512
2.202202202202202, 5.647759359234479, 0.00374691729608958, 4.418967011476687, 1.225045430461703
2.207207207207207, 5.315669095697851, 0.00334701140302721, 4.414944448665318, 0.8973776356295052
2.212212212212212, 5.015361037793449, 0.002987391529223521, 4.410827331762232, 0.6015463145019936
2.217217217217217, 5.007437887686614, 0.002664274492808767, 4.406615932204957, 0.5981576809888481
2.222222222222222, 5.584902036085746, 0.002374201949202869, 4.402310527469925, 1.180217306666617
2.227227227227227, 5.017789483714379, 0.002114015737094236, 4.397911401042002, 0.617764066935283
2.232232232232232, 5.735385299301861, 0.001880834763177182, 4.393418842383381, 1.340085622155302
2.237237237237237, 5.410984271095343, 0.001672033363097428, 4.388833146901844, 1.020479090830402
2.242242242242242, 5.086675362407821, 0.001485221075070291, 4.384154615918384, 0.7010355254143675
2.247247247247247, 5.969091424573111, 0.001318223762143102, 4.379383556634218, 1.58838964417675
2.252252252252252, 4.523801198636766, 0.001169066019021925, 4.374520282097168, 0.1481118505205759
2.257257257257257, 5.863544674470027, 0.001035954799724191, 4.369565111167434, 1.492943608502868
2.262262262262262, 6.207763485977424, 0.0009172642030071012, 4.364518368482752, 1.842327853291664
2.267267267267267, 6.074810115620259, 0.0008115213535134934, 4.359380384422955, 1.71461820984379
2.272272272272272, 5.423266019399245, 0.0007173933178309718, 4.354151495073934, 1.06839713100748
2.277277277277277, 5.647380067345216, 0.0006336749961384237, 4.348832042191, 1.297914350158077
2.282282282282282, 4.894329003936458, 0.0005592779317808847, 4.343422373161669, 0.5503473528430086
2.287287287287287, 5.705367024704901, 0.0004932199829361187, 4.337922840967856, 1.366950963754109
2.292292292292292, 4.391898092784912, 0.0004346158024839211, 4.332333804147499, 0.05912967283492963
2.297297297297297, 4.887646552808867, 0.0003826680742342436, 4.326655626755608, 0.5606082579790247
2.302302302302302, 5.064407678516419, 0.0003366594557875919, 4.320888678324758, 0.743182340735873
2.307307307307307, 5.086905388957401, 0.0002959451804677995, 4.315033333825016, 0.7715761099519177
2.312312312312312, 5.374037508212212, 0.000259946272962863, 4.309089973623317, 1.064687588315932
2.317317317317317, 4.97558337514021, 0.0002281433355156279, 4.3030589834423, 0.6722962483623937
2.322322322322322, 5.171347814802692, 0.0002000708637066063, 4.296940754318597, 0.8742069896203887
2.327327327327327, 6.270201739276485, 0.0001753120530518777, 4.290735682560595, 1.979290744662838
2.332332332332332, 5.119237841281461, 0.0001534940597875241, 4.284444169705665, 0.8346401775160081
2.337337337337337, 6.195111029960818, 0.0001342836813178049, 4.278066622476878, 1.916910123802622
2.342342342342342, 5.458616015146644, 0.0001173834238582758, 4.271603452739199, 1.186895178983586
2.347347347347347, 4.560318817431997, 0.0001025279267998632, 4.265055077455178, 0.2951612120500192
2.352352352352352, 5.16164245864797, 8.948071524933529e-05, 4.258421918640142, 0.9031310592925791
2.357357357357357, 5.52866482395094, 7.803125406087202e-05, 4.25170440331689, 1.276882389379989
2.362362362362362, 5.480029815780037, 6.799227845873867e-05, 4.244902963469904, 1.235058860031675
2.367367367367367, 5.658578383649654, 5.919737805972973e-05, 4.238018035999069, 1.420501150272525
2.372372372372372, 5.237440879308301, 5.149881273428264e-05, 4.23105006267294, 1.006339317822627
2.377377377377377, 6.153797009701941, 4.47655402959734e-05, 4.223999490081526, 1.92975275408012
2.382382382382382, 6.12267996199078, 3.88814374802477e-05, 4.216866769588616, 1.905774310964684
2.387387387387387, 4.781559340022207, 3.374369706508874e-05, 4.209652357283662, 0.5718732390414801
2.392392392392392, 4.796886010734825, 2.92613852997766e-05, 4.20235671393321, 0.5945000354163156
2.397397397397397, 4.51778808452589, 2.535414504435665e-05, 4.194980304931897, 0.3227824254489483
2.402402402402402, 6.089572057480137, 2.195103118366277e-05, 4.187523600253008, 1.902026506195945
2.407407407407407, 6.087664889478008, 1.898946596785786e-05, 4.179987074398627, 1.907658825613413
2.412412412412412, 6.138179265905653, 1.641430294882059e-05, 4.172371206349361, 1.965791645253344
2.417417417417417, 4.735840515685035, 1.417698913091395e-05, 4.164676479513649, 0.5711498591822547
2.422422422422422, 5.431189304674983, 1.223481583846884e-05, 4.156903381676691, 1.274273688182453
2.427427427427427, 5.505036373330611, 1.055024962356754e-05, 4.149052404948963, 1.355973418132025
2.432432432432432, 6.003971641699123, 9.090335299370559e-06, 4.141124045714359, 1.862838505649464
2.437437437437437, 5.523021972763529, 7.826163889282934e-06, 4.133118804577951, 1.389895342021689
2.442442442442442, 5.24372201513709, 6.732398933711952e-06, 4.125037186313374, 1.118678096424782
2.447447447447447, 4.793377269656353, 5.786855197018973e-06, 4.116879699809864, 0.6764917829912919
2.452452452452452, 5.32333269571633, 4.970124370471924e-06, 4.108646858018917, 1.214680867573041
2.457457457457457, 5.975860353624658, 4.265242875464805e-06, 4.100339177900629, 1.875516910481154
2.462462462462462, 5.014861283132985, 3.657397337819787e-06, 4.091957180369668, 0.9229004453659789
2.467467467467467, 5.48824679417231, 3.133663731373043e-06, 4.083501390240941, 1.404742270267639
2.472472472472472, 4.679859504010096, 2.682776579921667e-06, 4.074972336174919, 0.6048844850585976
2.477477477477477, 4.697196196076084, 2.29492496352595e-06, 4.066370550622658, 0.6308233505284625
2.482482482482482, 5.440536298264393, 1.961572400559645e-06, 4.057696569770506, 1.382837766921486
2.487487487487487, 5.088146772034049, 1.675297973108289e-06, 4.048950933484514, 1.039194163251562
2.492492492492492, 4.347934953749093, 1.429656332541974e-06, 4.040134185254554, 0.307799338838206
2.497497497497497, 4.769645501361879, 1.219054466427954e-06, 4.031246872138154, 0.7383974101692582
2.502502502502503, 4.809430781170205, 1.038643329374141e-06, 4.02228954470406, 0.7871401978228149
2.507507507507508, 4.105179305473591, 8.842226407653348e-07, 4.013262756975532, 0.09191566427541761
2.512512512512513, 4.348817252993945, 7.521573334126632e-07, 4.004167066373371, 0.3446494344632406
2.517517517517518, 5.66328380503095, 6.393043005137011e-07, 3.995003033658711, 1.668280132067939
2.522522522522523, 4.129969554048846, 5.429482355371979e-07, 3.985771222875556, 0.1441977882250543
2.527527527527528, 5.54078573555216, 4.60745492118318e-07, 3.976472201293089, 1.564313073513579
2.532532532532533, 4.938585405372213, 3.906750100920596e-07, 3.967106539347756, 0.9714784753494466
2.537537537537538, 4.532499761624505, 3.309954606216859e-07, 3.957674810585123, 0.5748246200439214
2.542542542542543, 4.177817994627695, 2.802078591207114e-07, 3.948177591601538, 0.2296401228182975
2.547547547547548, 4.536858948033454, 2.370229803589525e-07, 3.93861546198558, 0.5982432490248933
2.552552552552553, 3.975958520226088, 2.003329867399493e-07, 3.928989004259321, 0.04696931563378057
2.557557557557558, 5.025815559013488, 1.691867491157732e-07, 3.919298803819395, 1.106516586007344
2.562562562562563, 5.348470159450154, 1.427684004691341e-07, 3.909545448877911, 1.438924567803842
2.567567567567568, 5.230600568661915, 1.203787170770545e-07, 3.899729530403172, 1.330870917880026
2.572572572572573, 4.554128431331021, 1.014189700460265e-07, 3.889851642060252, 0.6642766878517986
2.577577577577578, 5.722841027168307, 8.537693298719489e-08, 3.879912380151416, 1.842928561639958
2.582582582582583, 4.50010554921177, 7.181476963780567e-08, 3.869912343556396, 0.630193133840604
2.587587587587588, 4.376171946610349, 6.035855893713521e-08, 3.859852133672537, 0.5163197525792521
2.592592592592593, 4.615368961374085, 5.068924488911091e-08, 3.849732354354811, 0.7656365563300299
2.597597597597598, 3.874121349443065, 4.253482490419601e-08, 3.839553611855714, 0.03456769505252608
2.602602602602603, 4.71561280671331, 3.566361358409492e-08, 3.829316514765062, 0.8862962562846345
2.607607607607608, 4.581126901543447, 2.987843943201511e-08, 3.819021673949667, 0.7621051977153414
2.612612612612613, 4.0173372314091, 2.501165004256784e-08, 3.808669702492943, 0.208667503904507
2.617617617617618, 5.390762485899776, 2.092081722219063e-08, 3.798261215634409, 1.592501249344551
2.622622622622623, 4.954292913653797, 1.748504745854367e-08, 3.787796830709123, 1.166496065459626
2.627627627627628, 5.573936620343799, 1.46018154155438e-08, 3.777277167087052, 1.796659438654932
2.632632632632633, 5.716429122541653, 1.21842488763172e-08, 3.766702846112369, 1.949726264245036
2.637637637637638, 4.997771282030255, 1.015880296521179e-08, 3.756074491042714, 1.241696780828738
2.642642642642643, 4.06873464568673, 8.463269708993148e-09, 3.745392726988402, 0.3233419102350582
2.647647647647648, 5.663720591853914, 7.045076186246264e-09, 3.734658180851596, 1.929062403957242
2.652652652652653, 3.897072279603711, 5.859830787186784e-09, 3.723871481265461, 0.1732007924784199
2.657657657657658, 4.408953601945479, 4.870082574040208e-09, 3.713033258533286, 0.6959203385421097
2.662662662662663, 5.661599903967982, 4.044263492916352e-09, 3.702144144567611, 1.959455755356108
2.667667667667668, 4.632416643319542, 3.355787328535834e-09, 3.691204772829337, 0.9412118671344173
2.672672672672673, 5.620501595126898, 2.782282890108584e-09, 3.680215778266854, 1.940285814077761
2.677677677677678, 3.795979221847065, 2.304942038016858e-09, 3.669177797255172, 0.1268014222869501
2.682682682682683, 5.326050356597927, 1.90796586663227e-09, 3.658091467535085, 1.667958887154877
2.687687687687688, 3.759395450881644, 1.578094701395622e-09, 3.646957428152353, 0.1124380211511969
2.692692692692693, 3.679566802742368, 1.304209594673116e-09, 3.635776319396935, 0.04379048204122391
2.697697697697698, 4.074006785519772, 1.076994755712433e-09, 3.624548782742254, 0.4494580017005231
2.702702702702703, 4.230748922146439, 8.886518611037992e-10, 3.613275460784531, 0.6174734604732567
2.707707707707708, 4.283636808210321, 7.32658494930284e-10, 3.601956997182165, 0.6816798102954981
2.712712712712713, 4.524861239757816, 6.03564089782724e-10, 3.590594036595197, 0.9342672025590545
2.717717717717718, 3.68380974823779, 4.96817705077631e-10, 3.579187224624845, 0.1046225231161272
2.722722722722723, 3.637932534936069, 4.086228086638969e-10, 3.567737207753118, 0.0701953267743288
2.727727727727728, 4.42261845063737, 3.358149398645645e-10, 3.556244633282539, 0.8663738170190162
2.732732732732733, 5.002081399287151, 2.757587428413213e-10, 3.544710149275956, 1.457371249735437
2.737737737737738, 4.147133909881673, 2.26261382385432e-10, 3.533134404496467, 0.6139995051589452
2.742742742742743, 4.343506713076999, 1.854998020046456e-10, 3.521518048347457, 0.821988664544043
2.747747747747748, 4.704319397782626, 1.519596669724173e-10, 3.509861730812766, 1.194457666817901
2.752752752752753, 4.187923376406257, 1.243841619206082e-10, 3.498166102396984, 0.6897572738848893
2.757757757757758, 4.189371000249093, 1.017310914588644e-10, 3.486431814065884, 0.7029391860814783
2.762762762762763, 5.329263688297123, 8.313696999913997e-11, 3.474659517187004, 1.854604171026982
2.767767767767768, 4.155245670534262, 6.78869893323046e-11, 3.462849863470386, 0.6923958069959893
2.772772772772773, 4.193447474460232, 5.538992461927464e-11, 3.451003504909465, 0.7424439694953776
2.777777777777778, 3.813381772138441, 4.51571856947138e-11, 3.43912109372214, 0.3742606783711436
2.782782782782783, 4.945236639787522, 3.678534470190704e-11, 3.427203282292018, 1.518033357458719
2.787787787787788, 3.521758630269966, 2.994157632037772e-11, 3.415250723109831, 0.1065079071301943
2.792792792792793, 3.451013843620485, 2.435153599390012e-11, 3.403264068715055, 0.04774977488107766
2.797797797797798, 4.721015836849759, 1.978927700152981e-11, 3.391243971637729, 1.329771865192241
2.802802802802803, 3.930546652942368, 1.606887098267059e-11, 3.379191084340457, 0.5513555685858419
2.807807807807808, 5.01520391335099, 1.303745037919581e-11, 3.367106059160654, 1.648097854177298
2.812812812812813, 4.807883089691048, 1.056943668974247e-11, 3.354989548252981, 1.452893541427497
2.817817817817818, 4.513999401498692, 8.561756721675241e-12, 3.342842203532026, 1.171157197958104
2.822822822822823, 3.680914273024201, 6.929881265347455e-12, 3.330664676615204, 0.3502495964020672
2.827827827827828, 3.507180620866175, 5.604547732497364e-12, 3.318457618765904, 0.1887230020946661
2.832832832832833, 3.462014684671098, 4.529051087015987e-12, 3.306221680836879, 0.1557930038296896
2.837837837837838, 4.448013911613139, 3.657006524625627e-12, 3.29395751321389, 1.154056398395592
2.842842842842843, 3.670121701906357, 2.950503399625728e-12, 3.281665765759604, 0.3884559361438015
2.847847847847848, 4.596860429782128, 2.378583336639029e-12, 3.269347087757767, 1.327513342021983
2.852852852852853, 3.757534231903513, 1.915986714157734e-12, 3.257002127857638, 0.50053210404396
2.857857857857858, 3.966313091599265, 1.542121112572742e-12, 3.244631534018712, 0.7216815575790106
2.862862862862863, 4.07077189452074, 1.240213176521347e-12, 3.232235953455718, 0.8385359410637822
2.867867867867868, 4.523442301588725, 9.96611898409903e-13, 3.219816032583916, 1.303626269003812
2.872872872872873, 4.581775516021845, 8.00216796660879e-13, 3.207372416964688, 1.374403099056356
2.877877877877878, 4.626811256234128, 6.420090154708379e-13, 3.19490575125143, 1.431905504982055
2.882882882882883, 4.034274996937825, 5.146671616015359e-13, 3.182416679135758, 0.8518583178015521
2.887887887887888, 3.624212548482236, 4.1225284326944e-13, 3.169905843294026, 0.4543067051877979
2.892892892892893, 4.360670310922655, 3.299534918564925e-13, 3.157373885334166, 1.203296425588159
2.897897897897898, 4.263916039657826, 2.638722173415644e-13, 3.144821445742856, 1.119094593914705
2.902902902902903, 4.001198837212937, 2.108562471854221e-13, 3.132249163833023, 0.8689496733797021
2.907907907907908, 3.837005721210252, 1.683569880006153e-13, 3.119657677691676, 0.7173480435184078
2.912912912912913, 3.297991680408148, 1.34315981678327e-13, 3.107047624128096, 0.1909440562799186
2.917917917917918, 4.62965901037072, 1.0707204617989e-13, 3.094419638622361, 1.535239371748252
2.922922922922923, 4.557989856652496, 8.528573222089426e-14, 3.08177435527424, 1.47621550137817
2.927927927927928, 3.615894306341091, 6.787792085617309e-14, 3.069112406752442, 0.5467818995885806
2.932932932932933, 5.030799495372603, 5.397995874712035e-14, 3.056434424244225, 1.974365071128323
2.937937937937938, 4.79299556978147, 4.289319866660816e-14, 3.043741037405383, 1.749254532376044
2.942942942942943, 4.21198780376711, 3.405620004408163e-14, 3.031032874310612, 1.180954929456465
2.947947947947948, 3.630204870053972, 2.701816259185415e-14, 3.018310561404247, 0.6118943086496976
2.952952952952953, 4.199593244290252, 2.141742733340244e-14, 3.005574723451394, 1.194018520838837
2.957957957957958, 4.483087760735891, 1.696409366741502e-14, 2.992825983489449, 1.490261777246425
2.962962962962963, 4.742900105298448, 1.34259767242532e-14, 2.980064962780016, 1.762835142518419
2.967967967967968, 3.111569593539815, 1.061727305356865e-14, 2.96729228076122, 0.1442773127785847
2.972972972972973, 4.557545397134664, 8.389420285159361e-15, 2.954508555000435, 1.603036842134221
2.977977977977978, 4.359860129383065, 6.623732505864385e-15, 2.941714401147409, 1.418145728235649
2.982982982982983, 4.8998968872821, 5.225471551298601e-15, 2.928910432887817, 1.970986454394277
2.987987987987988, 4.254318387027071, 4.119078402229372e-15, 2.916097261897223, 1.338221125129845
2.992992992992993, 4.764075492278568, 3.244341019523967e-15, 2.903275497795467, 1.860799994483097
2.997997997997998, 4.331758912994185, 2.553317402432127e-15, 2.890445748101487, 1.441313164892695
3.003003003003003, 3.387013611221835, 2.007867182217818e-15, 2.87760861818856, 0.5094049930332719
3.008008008008008, 3.273101707458393, 1.577673119633528e-15, 2.864764711239988, 0.408336996218403
3.013013013013013, 3.099243468786001, 1.23865665193084e-15, 2.851914628205221, 0.2473288405807788
3.018018018018018, 4.273975196147209, 9.717101092344517e-16, 2.839058967756421, 1.434916228390787
3.023023023023023, 4.711302318293044, 7.616831902107716e-16, 2.82619832624548, 1.885103992047563
3.028028028028028, 3.90047215572714, 5.965734064190634e-16, 2.81333329766148, 1.08713885806566
3.033033033033033, 3.001724508768419, 4.668800072950393e-16, 2.800464473588612, 0.201260035179806
3.038038038038038, 3.498831660787215, 3.650888189818583e-16, 2.787592443164559, 0.7112392176226551
3.043043043043043, 4.209040450478322, 2.852618253432314e-16, 2.774717793039329, 1.434322657438993
3.048048048048048, 3.413814657562287, 2.227104777420079e-16, 2.761841107334561, 0.6519735502277252
3.053053053053053, 4.718512995974565, 1.73735876937515e-16, 2.748962967603302, 1.969550028371263
3.058058058058058, 4.1363955062395, 1.354223171041013e-16, 2.736083952790241, 1.400311553449259
3.063063063063063, 3.1465118978217, 1.054733739132265e-16, 2.723204639192438, 0.4233072586292618
3.068068068068068, 3.359227376745757, 8.208188194761567e-17, 2.710325600420517, 0.6489017763252404
3.073073073073073, 3.738872325042587, 6.382688363874799e-17, 2.697447407360338, 1.041424917682249
3.078078078078078, 3.063252436912981, 4.959202520849543e-17, 2.684570628135165, 0.3786818087778162
3.083083083083083, 3.180627005762045, 3.850099171470297e-17, 2.671695828068308, 0.5089311776937374
3.088088088088088, 3.710101051727582, 2.986646737117579e-17, 2.658823569646259, 1.051277482081323
3.093093093093093, 3.55181719170405, 2.314982253694582e-17, 2.64595441248232, 0.9058627792217301
3.098098098098098, 2.797165889451541, 1.79293004021488e-17, 2.633088913280726, 0.1640769761708157
3.103103103103103, 3.391571630117943, 1.387493285062378e-17, 2.620227625801255, 0.7713440043166883
3.108108108108108, 2.844630131058056, 1.072877912889583e-17, 2.607371100824354, 0.237259030233702
3.113113113113113, 4.041107326148292, 8.28937119899692e-18, 2.594519886116748, 1.446587440031544
3.118118118118118, 2.644968400813153, 6.399480786549199e-18, 2.581674526397559, 0.06329387441559339
3.123123123123123, 2.949136402363607, 4.936507028327799e-18, 2.568835563304943, 0.3803008390586641
3.128128128128128, 2.73872256979977, 3.804929798173849e-18, 2.556003535363204, 0.1827190344365662
3.133133133133133, 2.9244755912592, 2.930389877854742e-18, 2.54317897795045, 0.3812966133087493
3.138138138138138, 2.600406295758967, 2.255049249668501e-18, 2.530362423266737, 0.07004387249222974
3.143143143143143, 2.744228011315982, 1.733957806736381e-18, 2.517554400302734, 0.2266736110132484
3.148148148148148, 2.537278017043179, 1.332210609660692e-18, 2.504755434808902, 0.03252258223427682
3.153153153153153, 2.913052469668092, 1.022725581701712e-18, 2.491966049265185, 0.4210864204029062
3.158158158158158, 3.646869989898154, 7.845077149934429e-19, 2.479186762851226, 1.167683227046928
3.163163163163163, 2.796818444469644, 6.012944385882617e-19, 2.466418091417088, 0.3304003530525562
3.168168168168168, 4.001134902632586, 4.604993523260813e-19, 2.453660547454506, 1.547474355178079
3.173173173173173, 4.06988907106243, 3.523893129219075e-19, 2.440914640068658, 1.628974430993773
3.178178178178178, 2.883616452138544, 2.694438668690145e-19, 2.42818087495045, 0.4554355771880944
3.183183183183183, 3.382090046382835, 2.058570499155531e-19, 2.415459754349334, 0.9666302920335009
3.188188188188188, 3.358432350021448, 1.571502424536522e-19, 2.402751777046643, 0.9556805729748047
3.193193193193193, 3.162975122262669, 1.19871581340004e-19, 2.390057438329452, 0.7729176839332171
3.198198198198198, 2.563215843623993, 9.136277502390407e-20, 2.377377229964965, 0.1858386136590278
3.203203203203203, 3.435512566271648, 6.957836166904205e-20, 2.364711640175431, 1.070800926096217
3.208208208208208, 3.643127398993889, 5.294573517545469e-20, 2.352061153613574, 1.291066245380315
3.213213213213213, 3.914749249741583, 4.025683580123371e-20, 2.339426251338574, 1.57532299840301
3.218218218218218, 3.167303600756847, 3.058441358420536e-20, 2.326807410792541, 0.8404961899643065
3.223223223223223, 3.553883180067705, 2.321734463615183e-20, 2.314205105777553, 1.239678074290151
3.228228228228228, 3.64339827889257, 1.761070761646804e-20, 2.301619806433195, 1.341778472459375
3.233233233233233, 3.824018313584483, 1.334728499927733e-20, 2.289051979214638, 1.534966334369846
3.238238238238238, 3.612625375787557, 1.010789983391443e-20, 2.276502086871244, 1.336123288916312
3.243243243243243, 2.649323195822846, 7.648579650947411e-21, 2.263970588425701, 0.3853526073971451
3.248248248248248, 4.208611668878133, 5.782991132607976e-21, 2.25145793915368, 1.957153729724452
3.253253253253253, 3.39797190504297, 4.36894047369729e-21, 2.238964590564025, 1.159007314478945
3.258258258258258, 3.642134074008753, 3.298007183044455e-21, 2.226490990379469, 1.415643083629285
3.263263263263263, 3.162052872914669, 2.48759076216631e-21, 2.214037582517878, 0.9480152903967912
3.268268268268268, 3.52029382243468, 1.874813801899477e-21, 2.201604807074019, 1.318689015360661
3.273273273273273, 2.320943190342842, 1.411852142414354e-21, 2.18919310030186, 0.1317500900409821
3.278278278278278, 2.247408563925429, 1.062361102197423e-21, 2.176802894597384, 0.0706056693280451
3.283283283283283, 3.353934041118362, 7.98742830578121e-22, 2.164434618481943, 1.18949942263642
3.288288288288288, 3.469053283734389, 6.000585851620534e-22, 2.152088696586125, 1.316964587148264
3.293293293293293, 3.589610746952862, 4.504350765785281e-22, 2.139765549634152, 1.44984519731871
3.298298298298298, 3.792873222410128, 3.3784898653668e-22, 2.12746559442879, 1.665407627981337
3.303303303303303, 3.93767130681548, 2.53200702708814e-22, 2.115189243836795, 1.822482062978685
3.308308308308308, 2.321784848791417, 1.896090495737872e-22, 2.102936906774864, 0.2188479420165531
3.313313313313313, 4.041129996607323, 1.418747418993282e-22, 2.090708988196121, 1.950421008411202
3.318318318318318, 2.381900677132862, 1.060725418518884e-22, 2.078505889077107, 0.3033947880557547
3.323323323323323, 2.262827923317814, 7.924150882509462e-23, 2.066328006405296, 0.196499916912518
3.328328328328328, 2.530482546003213, 5.914994769610225e-23, 2.054175733167125, 0.4763068128360882
3.333333333333333, 2.095836103002167, 4.41171919699597e-23, 2.042049458336532, 0.0537866446656353
3.338338338338338, 3.448815028028721, 3.287859327212143e-23, 2.029949566864017, 1.418865461164705
3.343343343343343, 2.279267730679023, 2.448332862587221e-23, 2.017876439666205, 0.261391291012817
3.348348348348348, 3.609030946823748, 1.821711351648078e-23, 2.005830453615927, 1.603200493207821
3.353353353353353, 2.429321171421093, 1.354380011698818e-23, 1.993811981532794, 0.4355091898882991
3.358358358358358, 3.751559620889782, 1.006128324382711e-23, 1.981821392174298, 1.769738228715483
3.363363363363364, 2.267686569704717, 7.468236861640519e-24, 1.969859050227401, 0.2978275194773167
3.368368368368369, 3.547029762174947, 5.539042025042628e-24, 1.957925316300628, 1.589104445874319
3.373373373373374, 3.567223200630104, 4.104904949486478e-24, 1.946020546916673, 1.621202653713431
3.378378378378379, 2.543273923906946, 3.039648874995106e-24, 1.934145094505483, 0.6091288294014635
3.383383383383384, 2.480616113816602, 2.249031825823529e-24, 1.922299307397856, 0.5583168064187457
3.388388388388389, 3.23522190599836, 1.662722033224528e-24, 1.910483529819527, 1.324738376178833
3.393393393393394, 3.344496934504592, 1.228274882696355e-24, 1.898698101885738, 1.445798832618854
3.398398398398399, 2.329835800011695, 9.066159568995596e-25, 1.886943359596311, 0.4428924404153834
3.403403403403404, 2.718066744758634, 6.686564137963955e-25, 1.8752196348312, 0.8428471099274343
3.408408408408409, 2.100881572268761, 4.927589707224439e-25, 1.863527255346527, 0.2373543169222339
3.413413413413414, 3.154848718904351, 3.628423178295438e-25, 1.851866544771104, 1.302982174133247
3.418418418418419, 3.156759576924251, 2.669643032584239e-25, 1.840237822603434, 1.316521754320817
3.423423423423424, 2.469634560008021, 1.962638547163014e-25, 1.828641404209188, 0.6409931557988334
3.428428428428429, 2.274802092179853, 1.441714687933408e-25, 1.817077600819154, 0.4577244913606989
3.433433433433434, 2.021278040055626, 1.058205928123023e-25, 1.805546719527667, 0.2157313205279593
3.438438438438439, 2.495551500428005, 7.760914979617179e-26, 1.794049063291495, 0.7015024371365092
3.443443443443444, 2.467774231991127, 5.687318234665744e-26, 1.782584930929202, 0.6851893010619255
3.448448448448449, 3.121107129839964, 4.164415004535582e-26, 1.771154617120967, 1.349952512718997
3.453453453453454, 2.863632943989906, 3.046858908543689e-26, 1.759758412408871, 1.103874531581035
3.458458458458459, 2.03032838311574, 2.227422249036529e-26, 1.748396603197632, 0.2819317799181084
3.463463463463464, 2.88990001336303, 1.627063982882225e-26, 1.737069471755802, 1.152830541607227
3.468468468468469, 2.290014265358583, 1.187568250245045e-26, 1.725777296217415, 0.5642369691411678
3.473473473473474, 1.910035811818144, 8.660927303587218e-27, 1.714520350584075, 0.1955154612340698
3.478478478478479, 1.729289686750892, 6.311347268485167e-27, 1.703298904727498, 0.02599078202339365
3.483483483483484, 2.234796520727653, 4.595487922990667e-27, 1.692113224392497, 0.5426832963351563
3.488488488488489, 1.734824936292193, 3.343436272499762e-27, 1.68096357120039, 0.05386136509180259
3.493493493493494, 1.844434692264135, 2.430559958052831e-27, 1.669850202652867, 0.1745844896112688
3.498498498498499, 2.058910013735446, 1.765515344795037e-27, 1.658773372136265, 0.4001366415991804
3.503503503503504, 2.337008884095737, 1.281411221009414e-27, 1.647733328926291, 0.6892755551694459
3.508508508508509, 3.461356198000905, 9.293031672781234e-28, 1.636730318193156, 1.824625879807749
3.513513513513514, 3.557221170101195, 6.734078589362414e-28, 1.625764581007134, 1.93145658909406
3.518518518518519, 3.555300674683224, 4.875855338896769e-28, 1.61483635434455, 1.940464320338674
3.523523523523524, 2.079142073412854, 3.527567333681126e-28, 1.603945871094162, 0.4751962023186916
3.528528528528529, 3.294474812489467, 2.550067526911403e-28, 1.593093360063968, 1.701381452425499
3.533533533533534, 1.770020046331229, 1.841958826064988e-28, 1.582279045988421, 0.1877410003428074
3.538538538538539, 3.467797297727913, 1.329413313333019e-28, 1.571503149536037, 1.896294148191875
3.543543543543544, 2.436371692180286, 9.587204646194798e-29, 1.560765887317409, 0.8756058048628773
3.548548548548549, 2.397605723250889, 6.908373991082907e-29, 1.550067471893619, 0.8475382513572708
3.553553553553554, 3.534212405553548, 4.974066092172158e-29, 1.539408111785036, 1.994804293768512
3.558558558558559, 1.819337799250072, 3.578484424218323e-29, 1.528788011480506, 0.2905497877695663
3.563563563563564, 3.394651172181367, 2.572400464751279e-29, 1.518207371446927, 1.87644380073444
3.568568568568569, 1.726072906562845, 1.847693351110312e-29, 1.507666388139198, 0.2184065184236475
3.573573573573574, 3.073594303350389, 1.326090247574312e-29, 1.497165254010552, 1.576429049339837
3.578578578578579, 2.982690879457313, 9.509728864694605e-30, 1.486704157523262, 1.495986721934051
3.583583583583584, 1.587934524963515, 6.814202836123507e-30, 1.476283283159701, 0.1116512418038143
3.588588588588589, 2.652803628390309, 4.878809351248368e-30, 1.465902811433786, 1.186900816956523
3.593593593593594, 2.768444750943151, 3.49031405976591e-30, 1.455562918902772, 1.31288183204038
3.598598598598599, 2.1860489572267, 2.494979802986638e-30, 1.445263778179399, 0.7407851790473016
3.603603603603604, 1.576411627792887, 1.782056341069031e-30, 1.435005557944397, 0.1414060698484894
3.608608608608609, 2.965809667881415, 1.271825988469546e-30, 1.424788422959342, 1.541021244922074
3.613613613613614, 2.768543014883381, 9.06955185545707e-31, 1.414612534079842, 1.353930480803538
3.618618618618619, 3.170157066377059, 6.462429671938811e-31, 1.404478048269078, 1.765679018107981
3.623623623623624, 3.009931822673647, 4.601057916090878e-31, 1.394385118611674, 1.615546704061973
3.628628628628629, 1.896193538193516, 3.273191680387328e-31, 1.384333894327891, 0.5118596438656245
3.633633633633634, 1.948737946185779, 2.326682084469074e-31, 1.374324520788162, 0.5744134253976169
3.638638638638639, 2.052285524335346, 1.65254966864283e-31, 1.364357139527937, 0.6879283848074095
3.643643643643644, 2.545930624225259, 1.172799752209036e-31, 1.354431888262855, 1.191498735962404
3.648648648648649, 3.230924539997968, 8.316585910890287e-32, 1.344548900904222, 1.886375639093745
3.653653653653654, 1.923814098078711, 5.892751937123384e-32, 1.334708307574808, 0.5891057905039035
3.658658658658659, 1.646625460942368, 4.171988560529339e-32, 1.324910234624936, 0.3217152263174315
3.663663663663664, 3.298226663635373, 2.95134464235133e-32, 1.315154804648888, 1.983071858986485
3.668668668668669, 2.207022882551255, 2.086164802142479e-32, 1.305442136501594, 0.9015807460496609
3.673673673673674, 3.010774149445993, 1.473428848842764e-32, 1.295772345315619, 1.715001804130374
3.678678678678679, 2.529650118983949, 1.039828202847572e-32, 1.286145542518436, 1.243504576465512
3.683683683683684, 3.119927398519033, 7.332395540091117e-33, 1.276561835849988, 1.843365562669044
3.688688688688689, 1.970830058863429, 5.166328832682768e-33, 1.267021329380517, 0.7038087294829117
3.693693693693694, 2.622534055576979, 3.637224219847085e-33, 1.257524123528675, 1.365009932048304
3.698698698698699, 2.321644185952175, 2.558644636054547e-33, 1.24807031507991, 1.073573870872264
3.703703703703704, 2.134170604996217, 1.798463955121437e-33, 1.238659997205105, 0.8955106077911125
3.708708708708709, 2.435263476443848, 1.263122213310266e-33, 1.229293259479485, 1.205970216964362
3.713713713713714, 2.490551680410548, 8.8642271361741e-34, 1.219970187901784, 1.270581492508764
3.718718718718719, 1.440631060325458, 6.215674271741008e-34, 1.210690864913655, 0.2299401954118033
3.723723723723724, 1.283652381673714, 4.354993263951937e-34, 1.201455369419334, 0.08219701225437945
3.728728728728729, 2.390345478514618, 3.04886781838857e-34, 1.192263776805546, 1.198081701709072
3.733733733733734, 3.027507561149589, 2.132757968958878e-34, 1.183116158961648, 1.844391402187941
3.738738738738739, 1.344988094199475, 1.490721169916509e-34, 1.174012584300004, 0.1709755098994717
3.743743743743744, 1.562859855272273, 1.041125618523355e-34, 1.164953117776598, 0.3979067374956754
3.748748748748749, 1.4798194691131, 7.265436572621865e-35, 1.155937820911861, 0.3238816482012393
3.753753753753754, 1.762539036138647, 5.066081437921669e-35, 1.146966751811725, 0.615572284326921
3.758758758758759, 1.542451616832303, 3.529673110766982e-35, 1.138039965188896, 0.4044116516434074
3.763763763763764, 1.435703319192285, 2.457246213977636e-35, 1.129157512384324, 0.3065458068079611
3.768768768768769, 1.891937561804162, 1.709285983039705e-35, 1.1203194413889, 0.7716181204152613
3.773773773773774, 1.479607560936284, 1.188044358398653e-35, 1.111525796865343, 0.3680817640709412
3.778778778778779, 2.165669536625902, 8.250921400172164e-36, 1.102776620170284, 1.062892916455619
3.783783783783784, 1.36199066980514, 5.725640973439249e-36, 1.094071949376548, 0.2679187204285921
3.788788788788789, 2.753956605599611, 3.970065232068736e-36, 1.085411819295631, 1.66854478630398
3.793793793793794, 2.920837192834397, 2.750572152875159e-36, 1.076796261500344, 1.844040931334053
3.798798798798799, 2.331872053885491, 1.904146283598307e-36, 1.068225304347655, 1.263646749537837
3.803803803803804, 1.432597177272883, 1.317132437968291e-36, 1.059698973001698, 0.3728982042711858
3.808808808808809, 1.575068864715532, 9.103543047653342e-37, 1.051217289456951, 0.5238515752585807
3.813813813813814, 1.223231519058656, 6.286998016092178e-37, 1.042780272561589, 0.1804512464970674
3.818818818818819, 2.736874255648959, 4.338384750968141e-37, 1.034387938040991, 1.702486317607968
3.823823823823824, 1.668976045365686, 2.9913324004838e-37, 1.026040298521411, 0.6429357468442746
3.828828828828829, 2.887697105346932, 2.060882130900448e-37, 1.017737363553795, 1.869959741793137
3.833833833833834, 1.703928209422291, 1.418709578069628e-37, 1.009479139637759, 0.6944490697845324
3.838838838838839, 1.486940886666104, 9.758559543645878e-38, 1.001265630245695, 0.4856752564204082
3.843843843843844, 2.961366586696195, 6.707023075172841e-38, 0.9930968358470363, 1.968269750849159
3.848848848848849, 2.080708075539291, 4.606019297118311e-38, 0.9849727539326419, 1.095735321606649
3.853853853853854, 1.307086015558444, 3.160629390343251e-38, 0.9768933790393221, 0.3301926365191216
3.858858858858859, 2.571161872185079, 2.167071616075587e-38, 0.9688587027744877, 1.602303169410591
3.863863863863864, 1.825936291661747, 1.484652527508605e-38, 0.960868713840926, 0.8650675778208209
3.868868868868869, 1.662333489978314, 1.016314796692817e-38, 0.9529233980616881, 0.7094100919166263
3.873873873873874, 2.221935139086859, 6.951580298346467e-39, 0.9450227384050975, 1.276912400681761
3.878878878878879, 2.904908771862938, 4.751062103294987e-39, 0.9371667150098658, 1.967742056853072
3.883883883883884, 2.626607523756763, 3.244514649670092e-39, 0.9293553052103131, 1.69725221854645
3.888888888888889, 1.852443931375573, 2.213913456800676e-39, 0.9215884835616921, 0.9308554478138807
3.893893893893894, 1.060701032548624, 1.509466257070834e-39, 0.91386622186561, 0.1468348106830143
3.898898898898899, 1.135789494824874, 1.028343119883238e-39, 0.9061884891955385, 0.2296010056293352
3.903903903903904, 1.265959713028416, 7.000104975794936e-40, 0.8985552519224199, 0.3674044611059962
3.908908908908909, 1.851853859588077, 4.761271288614477e-40, 0.8909664737403535, 0.9608873858477237
3.913913913913914, 1.171243106805258, 3.23588568373263e-40, 0.8834221156923624, 0.2878209911128961
3.918918918918919, 1.543255872335503, 2.197431178271229e-40, 0.8759221361962389, 0.6673337361392638
3.923923923923924, 1.057132823947433, 1.491039889914483e-40, 0.8684664910704635, 0.1886663328769692
3.928928928928929, 2.63657626724209, 1.010916094639388e-40, 0.8610551335601866, 1.775521133681904
3.933933933933934, 2.67946530078387, 6.848458494622582e-41, 0.8536880143632815, 1.825777286420589
3.938938938938939, 2.006644167847181, 4.635775689371921e-41, 0.846365081656454, 1.160279086190727
3.943943943943944, 1.194865051315412, 3.135478793131622e-41, 0.8390862811214079, 0.3557787701940037
3.948948948948949, 1.618971939418861, 2.119030415355081e-41, 0.8318515559710647, 0.7871203834477963
3.953953953953954, 2.16434874048289, 1.430943154876905e-41, 0.8246608469758332, 1.339687893507057
3.958958958958959, 2.077989651404695, 9.655159244617694e-42, 0.8175140924899172, 1.260475558914778
3.963963963963964, 1.416837796869625, 6.509511059522889e-42, 0.8104112284776718, 0.6064265683919531
3.968968968968969, 1.577388298868609, 4.38519758032898e-42, 0.803352188539993, 0.7740361103286159
3.973973973973974, 1.426982925844595, 2.951765353655101e-42, 0.7963369039407375, 0.6306460219038571
3.978978978978979, 0.8881334046572504, 1.985301014505431e-42, 0.789365303633177, 0.09876810102407338
3.983983983983984, 2.384847939090565, 1.334205622901112e-42, 0.7824373142864756, 1.602410624804089
3.988988988988989, 1.076834041577083, 8.959237248101945e-43, 0.7755528603121863, 0.3012811812648967
3.993993993993994, 1.86710598325564, 6.011338395350505e-43, 0.7687118638907697, 1.09839411936487
3.998998998998999, 1.784308920529048, 4.030168311674775e-43, 0.7619142449981261, 1.022394675530922
4.004004004004004, 0.8826095330791577, 2.69977182086589e-43, 0.7551599214321331, 0.1274496116470246
4.009009009009009, 0.8754554163573368, 1.807102574580982e-43, 0.7484488088392012, 0.1270066075181356
4.014014014014014, 1.938759333625663, 1.20862178430605e-43, 0.7417808207408183, 1.196978512884845
4.019019019019019, 0.7584584798364054, 8.076996586654216e-44, 0.7351558685601062, 0.02330261127629916
4.024024024024024, 1.06195091414861, 5.393382845239525e-44, 0.7285738616483698, 0.3333770525002401
4.029029029029029, 1.902803964378116, 3.598524534736123e-44, 0.7220347073116345, 1.180769257066481
4.034034034034034, 1.430156472956346, 2.399051412535529e-44, 0.7155383108371791, 0.7146181621191673
4.039039039039039, 1.966772476974019, 1.598109417462471e-44, 0.7090845755200529, 1.257687901453966
4.044044044044044, 1.410522857002109, 1.063715125794927e-44, 0.702673402689572, 0.7078494543125368
4.049049049049049, 1.24979205811966, 7.074504504663962e-45, 0.6963046917357993, 0.553487366383861
4.054054054054054, 1.193045576772131, 4.701306746519613e-45, 0.6899783401359991, 0.5030672366361314
4.059059059059059, 2.341171246367364, 3.12171332488864e-45, 0.6836942434810608, 1.657477002886303
4.064064064064064, 1.108988413672218, 2.071187022471635e-45, 0.6774522955018963, 0.4315361181703213
4.069069069069069, 0.9942754713032342, 1.373085189853326e-45, 0.6712523880958031, 0.3230230832074311
4.074074074074074, 2.527637427008346, 9.095519681547823e-46, 0.6650944113527854, 1.86254301565556
4.079079079079079, 1.334672997282338, 6.020179236761164e-46, 0.6589782535818404, 0.6756947437004975
4.084084084084084, 1.672362868772668, 3.981467670900252e-46, 0.6529038013371999, 1.019459067435468
4.089089089089089, 1.336387829057785, 2.631048381428302e-46, 0.6468709394445218, 0.6895168896132634
4.094094094094094, 2.590804741660934, 1.73726609271827e-46, 0.6408795510270363, 1.949925190633898
4.099099099099099, 1.203598671239193, 1.146187640111367e-46, 0.6349295175316386, 0.5686691537075544
4.104104104104104, 2.476479580313784, 7.556087301663034e-47, 0.6290207187549233, 1.84745886155886
4.109109109109109, 2.082203910351517, 4.977257178485486e-47, 0.6231530328691621, 1.459050877482354
4.114114114114114, 1.170247212932047, 3.275933405996303e-47, 0.6173263364482237, 0.5529208764838235
4.119119119119119, 2.317668496065891, 2.154427660592305e-47, 0.6115405044934206, 1.706127991572471
4.124124124124124, 2.588335341164572, 1.415730656370629e-47, 0.6057954104592965, 1.982539930705276
4.129129129129129, 1.758338123633982, 9.295681286841842e-48, 0.6000909262793425, 1.15824719735464
4.134134134134134, 2.168879110557137, 6.098649608027576e-48, 0.5944269223916355, 1.574452188165501
4.139139139139139, 2.184249265008174, 3.997955977675784e-48, 0.5888032677644078, 1.595445997243766
4.144144144144144, 1.542447889279833, 2.618750973734208e-48, 0.5832198299215346, 0.9592280593582988
4.149149149149149, 1.715769386494037, 1.713966244010908e-48, 0.5776764749679404, 1.138092911526096
4.154154154154154, 1.922641527302823, 1.120887937435935e-48, 0.5721730676149244, 1.350468459687899
4.159159159159159, 1.883683429199777, 7.324432737036302e-49, 0.5667094712053992, 1.316973957994378
4.164164164164164, 1.062224381436598, 4.782309323160603e-49, 0.5612855477390384, 0.5009388336975599
4.169169169169169, 1.389501596241935, 3.119989983534203e-49, 0.5559011578973372, 0.8336004383445975
4.174174174174174, 0.9657427347592187, 2.033857891324721e-49, 0.5505561610685766, 0.415186573690642
4.179179179179179, 1.876846646286155, 1.324768150465802e-49, 0.5452504153726918, 1.331596230913463
4.184184184184184, 0.9980469228363651, 8.622059598738803e-50, 0.5399837776860442, 0.4580631451503209
4.189189189189189, 1.757036634606291, 5.607044864716899e-50, 0.5347561036660919, 1.222280530940199
4.194194194194194, 2.08133067494357, 3.643417250106025e-50, 0.5295672477759549, 1.551763427167616
4.199199199199199, 1.632473988504945, 2.365569204390523e-50, 0.5244170633088787, 1.108056925196066
4.204204204204204, 1.648068605380945, 1.534667421621082e-50, 0.5193054024125892, 1.128763202968356
4.209209209209209, 1.288588116780033, 9.94820574194191e-51, 0.5142321161135356, 0.7743560006664972
4.214214214214214, 2.184138957888019, 6.443578319055329e-51, 0.5091970543410244, 1.674941903546994
4.219219219219219, 2.478829793737512, 4.17024272250075e-51, 0.5042000659512398, 1.974629727786272
4.224224224224224, 1.225732418174463, 2.696791826419916e-51, 0.499240998751144, 0.7264914194233191
4.22922922922923, 2.055048870231617, 1.742550535273326e-51, 0.494319699522264, 1.560729170709353
4.234234234234235, 0.9793803167366486, 1.125058768720714e-51, 0.4894360140443563, 0.4899443026922924
4.23923923923924, 0.9657197777972333, 7.257999007730294e-52, 0.4845897871189492, 0.4811299906782841
4.244244244244245, 1.765116777939287, 4.678541310719584e-52, 0.4797808625927611, 1.285335915346526
4.24924924924925, 0.9920505207295056, 3.013393874783711e-52, 0.4750090833809962, 0.5170414373485094
4.254254254254255, 1.833945248187606, 1.939336638031828e-52, 0.4702742914905059, 1.363670956697099
4.25925925925926, 1.101876116615089, 1.247103137473761e-52, 0.4655763280428273, 0.6362997885722615
4.264264264264265, 1.523098041759266, 8.013152535856005e-53, 0.460915033297088, 1.062183008462178
4.26926926926927, 2.332222331134477, 5.144655712678221e-53, 0.4562902466727751, 1.875932084461702
4.274274274274275, 1.035917267243221, 3.300358303107397e-53, 0.4517018067723739, 0.5842154604708473
4.27927927927928, 0.4472268828627115, 2.115522921147936e-53, 0.4471495514038687, 7.73314588427887e-05
4.284284284284285, 1.90403707749269, 1.354959290920525e-53, 0.4426333176031035, 1.461403759889586
4.28928928928929, 1.84268169743586, 8.671348241066638e-54, 0.4381529416560053, 1.404528755779855
4.294294294294295, 2.181764046253909, 5.544965864307624e-54, 0.4337082591206671, 1.748055787133241
4.2992992992993, 1.467183337909974, 3.542933448446742e-54, 0.4292991048492851, 1.037884233060689
4.304304304304305, 1.3977690944089, 2.261929061951705e-54, 0.4249253130099543, 0.9728437813989456
4.30930930930931, 2.127257515391859, 1.442935223639327e-54, 0.4205867171083186, 1.70667079828354
4.314314314314315, 0.4232869106117743, 9.197431420003401e-55, 0.4162831500090717, 0.007003760602702558
4.31931931931932, 1.215430287434879, 5.857848693719028e-55, 0.4120144439573118, 0.8034158434775677
4.324324324324325, 1.291090772857483, 3.727877303556971e-55, 0.4077804305997473, 0.8833103422577352
4.32932932932933, 0.5432134416145342, 2.37048350956993e-55, 0.4035809410057477, 0.1396325006087865
4.334334334334335, 1.706161775257184, 1.506135813748176e-55, 0.399415805688247, 1.306745969568937
4.33933933933934, 1.018542145241226, 9.561878063642181e-56, 0.3952848546244916, 0.6232572906167339
4.344344344344345, 1.774921294140659, 6.065605141338931e-56, 0.3911879172766325, 1.383733376864026
4.34934934934935, 1.419808409580613, 3.844651133992921e-56, 0.3871248226121627, 1.03268358696845
4.354354354354355, 1.617634291475734, 2.434958752860234e-56, 0.3830953991242012, 1.234538892351533
4.35935935935936, 1.706870224159168, 1.540913103960946e-56, 0.3790994748516114, 1.327770749307557
4.364364364364365, 2.068527342984564, 9.743535156414727e-57, 0.3751368773989684, 1.693390465585596
4.36936936936937, 1.906213855825125, 6.156116544495913e-57, 0.3712074339563628, 1.535006421868762
4.374374374374375, 1.68096004401098, 3.886413250422176e-57, 0.367310971319042, 1.313649072691937
4.37937937937938, 1.730566974976767, 2.451562624913075e-57, 0.3634473159068937, 1.367119659069873
4.384384384384385, 1.306929900826025, 1.545214852158149e-57, 0.3596162937837641, 0.9473136070422606
4.38938938938939, 1.981081229410216, 9.731653210948191e-58, 0.3558177306766126, 1.625263498733604
4.394394394394395, 2.085490277262211, 6.124014967234475e-58, 0.3520514519945024, 1.733438825267709
4.3993993993994, 1.612149133345918, 3.850682675325763e-58, 0.3483172828474274, 1.26383185049849
4.404404404404405, 2.241670089367325, 2.419307585344339e-58, 0.3446150480649706, 1.897055041302355
4.40940940940941, 0.5504213790415166, 1.518785043406689e-58, 0.3409445722147971, 0.2094768068267195
4.414414414414415, 1.587718663243899, 9.526939444425861e-59, 0.337305679620981, 1.250412983622918
4.41941941941942, 0.7683682916665947, 5.971210292449017e-59, 0.3336981943821618, 0.434670097284433
4.424424424424425, 0.447581513892387, 3.739583168418702e-59, 0.3301219403895333, 0.1174595735028537
4.42942942942943, 0.8748789023037888, 2.340107965778969e-59, 0.326576741344665, 0.5483021609591238
4.434434434434435, 1.089563908321064, 1.46318911622566e-59, 0.3230624207771501, 0.7665014875439141
4.43943943943944, 1.287850093239475, 9.141488086234504e-60, 0.3195788020620866, 0.9682712911773884
4.444444444444445, 0.9817432430303813, 5.706702093051223e-60, 0.3161257084373859, 0.6656175345929954
4.44944944944945, 1.840069470100325, 3.559634228970763e-60, 0.3127029630209098, 1.527366507079415
4.454454454454455, 0.3301217626299627, 2.218591860375421e-60, 0.3093103888274371, 0.0208113738025256
4.45945945945946, 2.270500552818936, 1.38166044610286e-60, 0.3059478087854578, 1.964552744033478
4.464464464464465, 2.162063775872436, 8.597597368487133e-61, 0.3026150457537936, 1.859448730118642
4.46946946946947, 0.3693217908629663, 5.345702055052155e-61, 0.2993119225380466, 0.07000986832491982
4.474474474474475, 1.590822635322109, 3.321117679836928e-61, 0.2960382619068762, 1.294784373415233
4.47947947947948, 0.41360899470431, 2.061653369424471e-61, 0.2927938866080992, 0.1208151080962108
4.484484484484485, 1.047849157956144, 1.278789024579034e-61, 0.2895786193846196, 0.7582705385715244
4.48948948948949, 1.943959236784532, 7.925634140848673e-62, 0.2863922829901835, 1.657566953794348
4.494494494494495, 1.662562098394138, 4.908185971818963e-62, 0.2832347002049583, 1.37932739818918
4.4994994994995, 0.8609186634306815, 3.037105423987713e-62, 0.2801056938509403, 0.5808129695797412
4.504504504504505, 0.9199116971167303, 1.877805442579869e-62, 0.2770050868071871, 0.6429066103095432
4.50950950950951, 0.5466792027892476, 1.160094019786855e-62, 0.2739327020248739, 0.2727465007643738
4.514514514514515, 0.6007255176815032, 7.161230474014773e-63, 0.2708883625421777, 0.3298371551393254
4.51951951951952, 1.974253156410261, 4.417066957166778e-63, 0.2678718914989863, 1.706381264911275
4.524524524524525, 1.71783990561899, 2.722276177744775e-63, 0.2648831121514313, 1.452956793467558
4.52952952952953, 0.7551450519984675, 1.676417752981429e-63, 0.2619218478862479, 0.4932232041122196
4.534534534534535, 2.066175164975545, 1.031535522961143e-63, 0.2589879222349611, 1.807187242740584
4.53953953953954, 1.310554457399259, 6.342171678418249e-64, 0.2560811588878948, 1.054473298511364
4.544544544544545, 1.78286136103699, 3.896221764205968e-64, 0.2532013817080082, 1.529659979328982
4.54954954954955, 0.9716897418941475, 2.391669749789142e-64, 0.250348414744559, 0.7213413271495884
4.554554554554555, 1.725065623990808, 1.466934158780447e-64, 0.2475220822465899, 1.477543541744218
4.55955955955956, 1.720719530724209, 8.990252741642159e-65, 0.2447222086762426, 1.475997322047966
4.564564564564565, 0.358428482310905, 5.505351457440615e-65, 0.241948618721899, 0.1164798635890059
4.56956956956957, 0.7860914882170201, 3.368604820418316e-65, 0.2392011373111469, 0.5468903509058732
4.574574574574575, 1.343382608858503, 2.059524443910215e-65, 0.2364795896235729, 1.10690301923493
4.57957957957958, 1.853181713602493, 1.258159509305159e-65, 0.2337838011033845, 1.619397912499108
4.584584584584585, 0.3736225021476205, 7.679913463259773e-66, 0.2311135974718558, 0.1425089046757647
4.58958958958959, 1.69625564330503, 4.684128677147717e-66, 0.2284688047396029, 1.467786838565428
4.594594594594595, 1.147626115588986, 2.854652022938996e-66, 0.2258492492186883, 0.9217768663702975
4.5995995995996, 0.6309917849438124, 1.738318706029907e-66, 0.2232547575345507, 0.4077370274092617
4.604604604604605, 1.623436889209862, 1.057687811490157e-66, 0.2206851566377653, 1.402751732572097
4.60960960960961, 1.828468930932414, 6.430392232463748e-67, 0.2181402738156332, 1.610328657116781
4.614614614614615, 1.708879541538771, 3.906333313222071e-67, 0.2156199367035996, 1.493259604835171
4.61961961961962, 1.316420664385483, 2.371117079696454e-67, 0.2131239732965017, 1.103296691088982
4.624624624624625, 1.905885355542534, 1.43809828681503e-67, 0.2106522119596485, 1.695233143582885
4.62962962962963, 1.266314764038492, 8.715172899698887e-68, 0.2082044814397294, 1.058110282598762
4.634634634634635, 1.416263282545327, 5.27734290927892e-68, 0.2057806108755556, 1.210482671669772
4.63963963963964, 1.753672061852104, 3.193055667605124e-68, 0.2033804298086334, 1.550291632043471
4.644644644644645, 0.2573617639703183, 1.930409890979027e-68, 0.2010037681935687, 0.05635799577674958
4.64964964964965, 2.004092720321088, 1.166123229449959e-68, 0.1986504564083061, 1.805442263912781
4.654654654654655, 0.5826962622365843, 7.038680104489941e-69, 0.1963203252642007, 0.3863759369723837
4.65965965965966, 0.5010584543051817, 4.245119081265516e-69, 0.1940132060159243, 0.3070452482892575
4.664664664664665, 0.9034443081866022, 2.558234758413073e-69, 0.1917289303712063, 0.7117153778153958
4.66966966966967, 2.158865560837544, 1.540432887033417e-69, 0.1894673305004111, 1.969398230337133
4.674674674674675, 1.583380106284181, 9.268234999375844e-70, 0.1872282390459497, 1.396151867238231
4.67967967967968, 0.2506535443589775, 5.571898037644166e-70, 0.1850114891315292, 0.06564205522744823
4.684684684684685, 0.4723576052644141, 3.347041926474861e-70, 0.1828169143712418, 0.2895406908931722
4.68968968968969, 1.03378431016881, 2.008958720579149e-70, 0.1806443488784875, 0.8531399612903227
4.694694694694695, 1.790299135246462, 1.204849334614532e-70, 0.1784936272747402, 1.611805507971722
4.6996996996997, 2.106095597509673, 7.220151986447708e-71, 0.1763645846981511, 1.929731012811522
4.704704704704705, 0.5513334476235694, 4.323264490018696e-71, 0.1742570568119931, 0.3770763908115763
4.70970970970971, 1.595272581153207, 2.586599208230633e-71, 0.1721708798129465, 1.423101701340261
4.714714714714715, 2.019111340352849, 1.546316333682647e-71, 0.1701058904392275, 1.849005449913621
4.71971971971972, 0.4291214953998987, 9.236754798982924e-72, 0.1680619259785575, 0.2610595694213412
4.724724724724725, 0.4357542379159901, 5.513055378046396e-72, 0.1660388242759787, 0.2697154136400114
4.72972972972973, 1.309491101446313, 3.287889123178001e-72, 0.1640364237415126, 1.145454677704801
4.734734734734735, 1.558387677761403, 1.959267978207824e-72, 0.1620545633576636, 1.396333114403739
4.73973973973974, 1.952382850076193, 1.166601112056448e-72, 0.1600930826867699, 1.792289767389424
4.744744744744745, 0.6985623431968, 6.940692440163201e-73, 0.1581518218782015, 0.5404105213185985
4.74974974974975, 1.072374973618927, 4.126055663966356e-73, 0.156230621675405, 0.9161443519435221
4.754754754754755, 1.508160079261426, 2.450864118940531e-73, 0.1543293234227983, 1.353830755838628
4.75975975975976, 1.14077026753428, 1.454639087426431e-73, 0.1524477690725151, 0.9883224984617652
4.764764764764765, 0.4758026264495044, 8.626669130411566e-74, 0.1505858011909999, 0.3252168252585045
4.76976976976977, 1.262582071211559, 5.111906454702114e-74, 0.1487432629654543, 1.113838808246105
4.774774774774775, 1.751832357968996, 3.026735864895232e-74, 0.1469199982101372, 1.604912359758859
4.77977977977978, 1.949181453236965, 1.790680137766108e-74, 0.1451158513725167, 1.804065601864448
4.784784784784785, 0.8627534413805307, 1.058554879675469e-74, 0.1433306675392786, 0.7194227738412521
4.78978978978979, 0.7775540373423657, 6.252599463656861e-75, 0.1415642924421894, 0.6359897449001762
4.794794794794795, 1.239619553206977, 3.690283301713621e-75, 0.1398165724638155, 1.099802980743162
4.7997997997998, 2.0982171549197, 2.176259478256258e-75, 0.1380873546431006, 1.960129800276599
4.804804804804805, 1.656375872210071, 1.282370478798623e-75, 0.1363764866808023, 1.519999385529268
4.80980980980981, 0.8962499565126476, 7.550369683238252e-76, 0.1346838169447865, 0.7615661395678611
4.814814814814815, 1.089621353721546, 4.441961491655455e-76, 0.1330091944751841, 0.9566121592463618
4.81981981981982, 1.271300317609542, 2.611158476134351e-76, 0.1313524689894087, 1.139947848620133
4.824824824824825, 1.358559725227535, 1.533711029680159e-76, 0.1297134908870372, 1.228846234340498
4.82982982982983, 0.6784427672440911, 9.001310011189623e-77, 0.1280921112545536, 0.5503506559895376
4.834834834834835, 0.6366191894787802, 5.278612312060364e-77, 0.1264881818699588, 0.5101310076088214
4.83983983983984, 1.856632637132733, 3.093041036124291e-77, 0.1249015552072455, 1.731731081925487
4.844844844844845, 1.044906546788728, 1.810937516637764e-77, 0.1233320844407398, 0.9215744623479886
4.84984984984985, 2.09731478886452, 1.059432077827594e-77, 0.1217796234493124, 1.975535165415208
4.854854854854855, 0.4330837544797061, 6.192908160241461e-78, 0.1202440268204571, 0.3128397276592491
4.85985985985986, 1.075150443320174, 3.617162577673752e-78, 0.1187251498542408, 0.9564252934659333
4.864864864864865, 0.1819042531561342, 2.111024565492514e-78, 0.117222848567125, 0.06468140458900926
4.86986986986987, 0.3204716483160738, 1.231035036751492e-78, 0.1157369796956587, 0.2047346686204151
4.874874874874875, 1.110294026467859, 7.172976511276076e-79, 0.1142674007000464, 0.9960266257678122
4.87987987987988, 1.933899921668603, 4.176190222276571e-79, 0.1128139697675898, 1.821085951901013
4.884884884884885, 0.9515676445656903, 2.429478187816723e-79, 0.1113765458160057, 0.8401910987496847
4.88988988988989, 1.128350376258986, 1.412204544721815e-79, 0.1099549884966209, 1.018395387762365
4.894894894894895, 0.7553107500409786, 8.202270239134153e-80, 0.1085491581974459, 0.6467615918435327
4.8998998998999, 1.298554244988289, 4.760169434476666e-80, 0.1071589160461269, 1.191395328942162
4.904904904904905, 1.993310793403737, 2.760340245234754e-80, 0.1057841239127786, 1.887526669490958
4.90990990990991, 1.52245154604313, 1.599391162336745e-80, 0.1044246444126992, 1.418026901630431
4.914914914914915, 1.030740810600139, 9.259736641198139e-81, 0.1030803409089676, 0.9276604696911716
4.91991991991992, 0.2143086115088833, 5.356664501445033e-81, 0.1017510775149244, 0.1125575339939589
4.924924924924925, 1.394567407021165, 3.096293538963191e-81, 0.1004367190965385, 1.294130687924626
4.92992992992993, 1.783064890390085, 1.788305346906505e-81, 0.09913713127465992, 1.683927759115425
4.934934934934935, 1.621848349078009, 1.032031830125184e-81, 0.09785218042715915, 1.52399616865085
4.93993993993994, 0.4858802341046018, 5.951088072709057e-82, 0.09658173369095679, 0.389298500413645
4.944944944944945, 2.008992344570919, 3.428874040732538e-82, 0.09532565896394114, 1.913666685606978
4.94994994994995, 1.638748922274213, 1.974051843724131e-82, 0.0940838249067778, 1.544665097367435
4.954954954954955, 0.2342243950605776, 1.135579242108074e-82, 0.09285610094461152, 0.141368294115966
4.95995995995996, 0.1112076790180901, 6.527219307155518e-83, 0.09164235726866046, 0.01956532174942969
4.964964964964965, 2.056856615483553, 3.748787583147237e-83, 0.09044246483770567, 1.966414150645848
4.96996996996997, 1.71449831458993, 2.151321558352087e-83, 0.08925629537947628, 1.625242019210454
4.974974974974975, 0.3272216212969363, 1.233592426256695e-83, 0.08808372139193071, 0.2391378999050056
4.97997997997998, 0.4764964830763894, 7.067892376758303e-84, 0.08692461614443672, 0.3895718669319527
4.984984984984985, 0.851430148811796, 4.046318176256715e-84, 0.08577885367885064, 0.7656512951329454
4.98998998998999, 1.10363475361008, 2.314632252733166e-84, 0.0846463088104962, 1.018988444799584
4.994994994994995, 0.1317236873658557, 1.322987800302832e-84, 0.0835268571290457, 0.04819683023680996
5, 2.037759697720353, 7.555819019711961e-85, 0.0824203749993038, 1.955339322721049
